10000
1 140409
1 115742
1 115586
1 170259
1 136970
1 166905
1 163796
1 129746
1 167082
1 138867
1 197940
1 136379
1 124223
1 138454
1 137772
1 112830
1 169048
1 113564
1 102195
1 188278
1 118726
1 126936
1 117119
1 153343
1 158246
1 177684
1 150939
1 130305
1 154744
1 145035
1 128133
1 103818
1 142432
1 167091
1 183546
1 162956
1 148961
1 174036
1 132325
1 175974
1 109381
1 112353
1 115076
1 103943
1 109584
1 148844
1 152334
1 131005
1 158739
1 136280
1 175468
1 107283
1 111770
1 123484
1 158141
1 149448
1 104699
1 176073
1 159682
1 165153
1 122893
1 134208
1 136651
1 196375
1 155946
1 173625
1 105999
1 181227
1 198986
1 171692
1 187647
1 159840
1 122966
1 155242
1 195931
1 183671
1 156724
1 177215
1 144259
1 167251
1 188171
1 119749
1 105287
1 114249
1 146818
1 114262
1 140722
1 153991
1 187459
1 179291
1 134069
1 189465
1 181288
1 150982
1 135712
1 185900
1 113247
1 114369
1 175012
1 189009
1 183428
1 124653
1 155203
1 120120
1 186469
1 114532
1 107261
1 119951
1 114424
1 168152
1 126011
1 131190
1 103709
1 126288
1 175648
1 113781
1 180656
1 106616
1 121597
1 109767
1 139312
1 141477
1 111958
1 142233
1 175523
1 122978
1 154571
1 119721
1 195404
1 125642
1 159452
1 181362
1 178009
1 121797
1 172575
1 170647
1 144569
1 176104
1 115582
1 142738
1 170808
1 155327
1 157813
1 195424
1 123983
1 133709
1 116436
1 155046
1 109612
1 109107
1 137507
1 153757
1 164243
1 129543
1 141691
1 193901
1 108439
1 136271
1 132512
1 134364
1 161111
1 140462
1 110619
1 125859
1 171002
1 100470
1 151318
1 192787
1 145854
1 187279
1 158010
1 148422
1 151030
1 187238
1 127683
1 135114
1 195655
1 156128
1 182830
1 165292
1 133996
1 168862
1 127540
1 145317
1 185365
1 193623
1 136490
1 141366
1 100393
1 153854
1 111371
1 103896
1 198229
1 180919
1 142765
1 199313
1 110910
1 177616
1 143735
1 137990
1 169062
1 159151
1 105278
1 172980
1 188912
1 193780
1 170415
1 147853
1 197812
1 153182
1 182849
1 127569
1 115181
1 121928
1 106261
1 104553
1 127011
1 134207
1 144650
1 122435
1 168499
1 147484
1 144751
1 102624
1 140791
1 109224
1 156851
1 151224
1 197741
1 179520
1 147175
1 173578
1 133999
1 136422
1 101695
1 198012
1 142890
1 157638
1 111680
1 132216
1 166961
1 102718
1 174051
1 108774
1 103566
1 183121
1 158953
1 182548
1 145233
1 192572
1 110547
1 181351
1 140220
1 155854
1 157045
1 199315
1 192404
1 169528
1 168112
1 153738
1 108718
1 153908
1 173114
1 157205
1 147102
1 108165
1 116756
1 117832
1 192376
1 124284
1 174362
1 111942
1 124342
1 161689
1 162656
1 156750
1 129100
1 100889
1 186814
1 117919
1 116957
1 113182
1 184650
1 105921
1 173052
1 128944
1 117911
1 138296
1 182753
1 152768
1 104211
1 128748
1 109167
1 136996
1 153688
1 179653
1 166486
1 194484
1 156968
1 107240
1 107849
1 171817
1 122546
1 135023
1 189888
1 118293
1 115133
1 147905
1 150989
1 182475
1 155844
1 187818
1 106193
1 151972
1 169805
1 144538
1 154652
1 124937
1 151361
1 197117
1 103645
1 172240
1 186802
1 182963
1 175009
1 185162
1 169226
1 117429
1 162778
1 183561
1 154140
1 185380
1 142258
1 110231
1 133561
1 187542
1 177417
1 146319
1 100939
1 190803
1 169353
1 117552
1 183137
1 193836
1 139208
1 152033
1 198908
1 144813
1 187694
1 109441
1 128338
1 123348
1 199520
1 132346
1 199215
1 179928
1 146832
1 164722
1 164543
1 162084
1 164531
1 110166
1 117357
1 141163
1 169299
1 129786
1 167702
1 133351
1 101448
1 188076
1 146074
1 169928
1 170637
1 162143
1 101266
1 105509
1 111387
1 188449
1 164749
1 156425
1 119630
1 168416
1 101781
1 122977
1 199994
1 172836
1 165921
1 152981
1 152003
1 121569
1 174481
1 172355
1 116716
1 180418
1 191473
1 149041
1 116599
1 193398
1 113653
1 164838
1 115617
1 169651
1 120522
1 153712
1 102765
1 138273
1 111010
1 100749
1 178310
1 107078
1 145628
1 197756
1 158057
1 114911
1 194851
1 138275
1 175092
1 136002
1 193468
1 105263
1 160891
1 131624
1 154520
1 147047
1 140093
1 121438
1 142865
1 148897
1 168369
1 196833
1 195385
1 125668
1 136642
1 107149
1 101552
1 119899
1 103038
1 106200
1 130695
1 123641
1 103891
1 157431
1 149414
1 167198
1 136846
1 159758
1 183586
1 133528
1 185533
1 149585
1 126363
1 109920
1 134822
1 127415
1 101121
1 107442
1 185455
1 161364
1 114411
1 129121
1 142327
1 154090
1 154958
1 155769
1 193674
1 137183
1 196508
1 183497
1 125989
1 102519
1 101435
1 106210
1 178360
1 130023
1 169586
1 151933
1 156081
1 126632
1 107703
1 137417
1 185876
1 167344
1 117016
1 190023
1 133975
1 161883
1 194776
1 159042
1 167017
1 152460
1 167148
1 113460
1 154010
1 142991
1 141956
1 117115
1 187485
1 138194
1 192547
1 167363
1 129741
1 133865
1 130291
1 155769
1 108375
1 170806
1 195832
1 148871
1 142386
1 163592
1 136138
1 136773
1 155915
1 112694
1 153389
1 196706
1 191193
1 189669
1 141846
1 172209
1 105131
1 119128
1 162670
1 109348
1 141070
1 176235
1 132357
1 175580
1 150661
1 198070
1 131612
1 118280
1 101971
1 163988
1 196175
1 159991
1 193710
1 136069
1 125886
1 150219
1 113874
1 154020
1 166356
1 170073
1 145710
1 134084
1 133197
1 178260
1 147575
1 125571
1 136612
1 127875
1 198619
1 157023
1 166581
1 105893
1 112130
1 120806
1 121006
1 130635
1 176415
1 132677
1 123515
1 131483
1 162433
1 138119
1 185427
1 156858
1 168026
1 168034
1 100396
1 103473
1 182768
1 145844
1 173182
1 121427
1 131062
1 156490
1 159627
1 137248
1 198995
1 198919
1 150300
1 145728
1 111224
1 113027
1 183028
1 112013
1 155706
1 176927
1 120816
1 117508
1 146170
1 198301
1 116980
1 199397
1 138952
1 103543
1 160344
1 117418
1 182793
1 173692
1 176336
1 135545
1 186010
1 197586
1 174494
1 142873
1 193049
1 113521
1 197953
1 187896
1 194144
1 179184
1 139226
1 168618
1 188583
1 149616
1 177448
1 133792
1 148453
1 108563
1 144669
1 161303
1 104183
1 146544
1 156783
1 166128
1 193614
1 111208
1 137042
1 154469
1 114025
1 127955
1 175334
1 150239
1 106196
1 110425
1 177290
1 101348
1 102141
1 127383
1 165349
1 194104
1 120240
1 114123
1 150625
1 199194
1 180280
1 124533
1 142376
1 100264
1 182085
1 127722
1 154819
1 146580
1 134929
1 184137
1 185259
1 114742
1 196586
1 101123
1 187386
1 115310
1 161832
1 120560
1 197470
1 114018
1 167368
1 142509
1 183742
1 126805
1 124699
1 182411
1 118161
1 120090
1 154929
1 135797
1 100429
1 112003
1 189948
1 141628
1 154446
1 121279
1 183875
1 135493
1 154751
1 116832
1 184778
1 106161
1 198451
1 119345
1 155513
1 168249
1 186343
1 125996
1 102622
1 111470
1 116561
1 105476
1 180081
1 161005
1 121129
1 124130
1 164915
1 166307
1 193266
1 111856
1 131842
1 182291
1 160690
1 135705
1 166976
1 179917
1 170113
1 151710
1 152253
1 188339
1 141714
1 187994
1 123772
1 141715
1 143178
1 168712
1 187916
1 149101
1 161520
1 169002
1 161168
1 145702
1 100278
1 174940
1 188917
1 127980
1 143758
1 173611
1 177641
1 106341
1 178255
1 144883
1 125825
1 147771
1 147647
1 197644
1 122036
1 176116
1 142847
1 181292
1 157869
1 198605
1 164161
1 134723
1 160687
1 188159
1 153205
1 128820
1 120483
1 126471
1 152979
1 138186
1 197084
1 115461
1 129684
1 183266
1 122397
1 137586
1 133381
1 181559
1 174114
1 159302
1 189613
1 115246
1 103358
1 172857
1 126464
1 110551
1 195915
1 161362
1 169908
1 152763
1 187462
1 120893
1 167363
1 186843
1 177414
1 126381
1 120225
1 132696
1 165343
1 161961
1 116062
1 146278
1 165952
1 120603
1 114133
1 132510
1 119444
1 150923
1 190426
1 110947
1 138669
1 120564
1 152993
1 138444
1 172094
1 165082
1 134721
1 174783
1 129219
1 142226
1 184012
1 197171
1 196896
1 151494
1 183636
1 175543
1 138566
1 191988
1 151324
1 191668
1 165313
1 117854
1 135787
1 194728
1 122915
1 183075
1 169402
1 178311
1 139921
1 188419
1 194494
1 199401
1 146161
1 111654
1 106431
1 186909
1 197992
1 134822
1 155036
1 148395
1 119080
1 108102
1 132169
1 180534
1 158695
1 105805
1 172759
1 159204
1 155940
1 128626
1 172264
1 172984
1 131962
1 197987
1 112575
1 152958
1 107832
1 134770
1 111859
1 105748
1 108840
1 152742
1 197505
1 149348
1 108824
1 160344
1 150115
1 174755
1 138118
1 198661
1 167792
1 125122
1 192559
1 143960
1 137411
1 136075
1 194980
1 100051
1 120706
1 125139
1 161272
1 131820
1 191569
1 152246
1 195748
1 176620
1 110326
1 118644
1 134717
1 109359
1 162847
1 192037
1 126925
1 136300
1 170307
1 159940
1 180156
1 189134
1 190545
1 141723
1 160142
1 122710
1 134714
1 117811
1 104265
1 103955
1 175840
1 159617
1 165082
1 161599
1 171428
1 158075
1 187856
1 180179
1 170083
1 106937
1 188456
1 166780
1 146757
1 117230
1 189053
1 129253
1 170220
1 137610
1 101243
1 147914
1 152461
1 154860
1 198986
1 151907
1 182725
1 187175
1 178824
1 114842
1 191871
1 195107
1 173707
1 139646
1 171050
1 191151
1 132829
1 149064
1 153440
1 123936
1 173069
1 191386
1 179739
1 123099
1 189138
1 160742
1 114025
1 122337
1 161555
1 166129
1 108870
1 139825
1 154371
1 112571
1 166348
1 151892
1 179201
1 147057
1 185141
1 133741
1 120026
1 182664
1 167378
1 178503
1 180970
1 131275
1 131131
1 105726
1 166829
1 130291
1 177847
1 152027
1 145765
1 129721
1 153939
1 108571
1 108231
1 104146
1 170692
1 171419
1 199568
1 161300
1 157622
1 169687
1 176728
1 102683
1 159166
1 120399
1 108067
1 148846
1 136216
1 166149
1 168015
1 159486
1 163866
1 191566
1 131681
1 188188
1 152527
1 183574
1 179423
1 147198
1 174863
1 155500
1 158642
1 109946
1 131425
1 114192
1 196664
1 192350
1 194152
1 113508
1 139080
1 176619
1 124387
1 172668
1 120255
1 118310
1 132245
1 104321
1 122541
1 155629
1 182538
1 189040
1 183459
1 127679
1 148279
1 187409
1 185894
1 141314
1 184266
1 137090
1 198323
1 104010
1 108208
1 184216
1 157872
1 197452
1 192000
1 183496
1 146860
1 178036
1 137078
1 176555
1 114497
1 108013
1 160274
1 175484
1 105508
1 121766
1 193904
1 119887
1 170723
1 194331
1 105883
1 145562
1 146506
1 110917
1 152967
1 165809
1 135337
1 161495
1 116975
1 153620
1 197126
1 111827
1 173500
1 150456
1 113240
1 175520
1 109457
1 138507
1 176157
1 104301
1 144996
1 107388
1 108216
1 124755
1 126862
1 191332
1 194925
1 159505
1 178255
1 118070
1 117790
1 158375
1 131767
1 102137
1 137638
1 152738
1 194003
1 172775
1 158272
1 189082
1 115116
1 168263
1 111095
1 172147
1 171072
1 142020
1 121185
1 166616
1 137807
1 133792
1 131991
1 155582
1 117217
1 182514
1 179234
1 141630
1 159913
1 175226
1 134138
1 100558
1 196974
1 150995
1 117381
1 192779
1 162635
1 170310
1 179596
1 197548
1 166780
1 153076
1 182328
1 157464
1 140927
1 187185
1 184437
1 175326
1 132093
1 129420
1 102226
1 132130
1 193631
1 178011
1 120623
1 116479
1 114652
1 102768
1 138307
1 182423
1 174776
1 156927
1 181168
1 161017
1 146559
1 102211
1 177437
1 123211
1 133632
1 163833
1 108697
1 172838
1 167198
1 156620
1 152970
1 199099
1 108926
1 165384
1 180967
1 153686
1 186467
1 117956
1 151343
1 176520
1 161621
1 160997
1 168309
1 193960
1 184550
1 115048
1 120558
1 159329
1 146693
1 186502
1 159994
1 121792
1 120959
1 118910
1 179181
1 138491
1 100791
1 168166
1 136921
1 162459
1 116985
1 189386
1 182958
1 137058
1 111397
1 132102
1 114868
1 133460
1 153246
1 193106
1 131104
1 127260
1 163284
1 199644
1 147704
1 161582
1 165769
1 103420
1 120398
1 131703
1 186358
1 130155
1 163921
1 170991
1 121996
1 136241
1 101679
1 175255
1 100079
1 104521
1 131093
1 187817
1 122637
1 131758
1 115910
1 171676
1 174577
1 113472
1 152784
1 185377
1 102925
1 124459
1 135003
1 134521
1 183468
1 112612
1 196310
1 160631
1 143518
1 117169
1 115325
1 102351
1 135943
1 144964
1 149101
1 190226
1 140219
1 109824
1 189702
1 191675
1 118343
1 161304
1 112183
1 188650
1 138341
1 104585
1 153207
1 180511
1 148196
1 196642
1 188481
1 190042
1 155892
1 181727
1 180680
1 154404
1 166554
1 102883
1 197164
1 117778
1 150608
1 129183
1 196359
1 156981
1 154589
1 101819
1 126449
1 139082
1 162204
1 190966
1 126623
1 126741
1 110674
1 110102
1 156579
1 147811
1 157679
1 119983
1 176489
1 109970
1 172976
1 146388
1 177454
1 136288
1 185521
1 162860
1 113495
1 156193
1 132664
1 151520
1 177204
1 153891
1 108756
1 180015
1 178442
1 139797
1 174194
1 137668
1 132157
1 127389
1 161590
1 195496
1 115991
1 134647
1 144073
1 182292
1 105135
1 194639
1 158750
1 156072
1 110101
1 152137
1 192194
1 168617
1 166256
1 169377
1 105877
1 114878
1 184801
1 198455
1 182074
1 170731
1 168769
1 179406
1 179376
1 120101
1 106146
1 192674
1 154517
1 165436
1 110547
1 114197
1 198458
1 146907
1 123619
1 124305
1 168738
1 134279
1 115579
1 113724
1 102960
1 117871
1 186382
1 192277
1 112437
1 109395
1 166508
1 126532
1 139847
1 150673
1 182437
1 111374
1 184768
1 164836
1 119479
1 166651
1 132992
1 186739
1 107820
1 149902
1 140346
1 134399
1 136240
1 132311
1 123007
1 140484
1 112806
1 134414
1 189611
1 140015
1 147875
1 144300
1 110832
1 153243
1 134349
1 131832
1 163947
1 170849
1 141589
1 162983
1 157819
1 164798
1 160982
1 106313
1 158057
1 195468
1 108970
1 167790
1 121478
1 178119
1 146035
1 135026
1 103657
1 146016
1 198031
1 145913
1 137377
1 137519
1 157330
1 194184
1 136599
1 108353
1 157281
1 129110
1 169765
1 196630
1 153648
1 148112
1 171517
1 151364
1 137109
1 198129
1 119908
1 153821
1 136361
1 193541
1 193175
1 185381
1 136311
1 150551
1 186456
1 152500
1 130240
1 111957
1 144381
1 148036
1 197867
1 140764
1 113507
1 154582
1 170916
1 114156
1 173665
1 150846
1 167022
1 104277
1 176307
1 129833
1 101100
1 136695
1 114407
1 177366
1 163056
1 178345
1 139559
1 154815
1 182837
1 196155
1 181022
1 170592
1 104306
1 137319
1 161350
1 141497
1 190064
1 197616
1 191450
1 148909
1 156352
1 132925
1 146692
1 142043
1 120437
1 108989
1 111211
1 184333
1 177810
1 109066
1 177996
1 143664
1 146325
1 114169
1 123895
1 144087
1 121716
1 112852
1 147250
1 156060
1 137358
1 104828
1 121028
1 177887
1 195255
1 133044
1 195532
1 110863
1 122116
1 164555
1 162351
1 103513
1 199687
1 157876
1 143824
1 153479
1 113027
1 151409
1 163195
1 184259
1 149590
1 142427
1 120363
1 198942
1 103014
1 113216
1 131017
1 172451
1 192184
1 155336
1 194160
1 138049
1 187110
1 126933
1 149363
1 156770
1 171155
1 158767
1 175147
1 156947
1 168501
1 157755
1 184725
1 141429
1 178988
1 154421
1 134266
1 124850
1 136003
1 144252
1 133464
1 183527
1 174109
1 185223
1 166814
1 155288
1 163604
1 157790
1 178735
1 100502
1 165695
1 102122
1 161778
1 177782
1 117010
1 110955
1 137355
1 188237
1 191607
1 120864
1 175770
1 130764
1 196090
1 186903
1 198637
1 176710
1 173681
1 149929
1 108901
1 161656
1 143881
1 182702
1 133940
1 194535
1 111290
1 111896
1 163765
1 180998
1 152825
1 145846
1 156343
1 178493
1 161685
1 102269
1 141128
1 103394
1 178479
1 118343
1 133849
1 165697
1 175839
1 181305
1 117727
1 146324
1 146988
1 158860
1 186865
1 192138
1 148139
1 157345
1 114173
1 199656
1 150440
1 147600
1 193346
1 179029
1 187404
1 118988
1 183900
1 195007
1 173344
1 121000
1 100441
1 115691
1 163130
1 188840
1 133006
1 125601
1 112468
1 129210
1 194749
1 174469
1 145094
1 169027
1 130279
1 118935
1 133864
1 150567
1 193261
1 135460
1 145949
1 103850
1 162207
1 116935
1 113286
1 174868
1 191053
1 103006
1 182759
1 167355
1 175372
1 159102
1 189107
1 184572
1 155420
1 186679
1 132014
1 107382
1 112928
1 157573
1 184179
1 129764
1 135841
1 153328
1 198951
1 167945
1 143381
1 134155
1 159611
1 133587
1 107595
1 100653
1 149060
1 195482
1 199257
1 178810
1 106739
1 109042
1 123265
1 147562
1 155612
1 116047
1 105160
1 139353
1 127604
1 187533
1 148442
1 147826
1 174876
1 194801
1 108208
1 166831
1 129050
1 118438
1 118908
1 195792
1 154772
1 111454
1 150110
1 175369
1 177051
1 149606
1 193402
1 138913
1 152970
1 142819
1 178810
1 196455
1 163817
1 118426
1 151328
1 148299
1 181873
1 184977
1 165556
1 170415
1 140619
1 197231
1 185664
1 129722
1 189868
1 174657
1 155042
1 129489
1 132389
1 116687
1 155721
1 107480
1 105906
1 114218
1 107861
1 159988
1 196100
1 124658
1 199473
1 191796
1 102855
1 149716
1 196652
1 112534
1 129461
1 135943
1 141812
1 107313
1 113343
1 140339
1 165871
1 137540
1 193381
1 178473
1 140145
1 120613
1 105528
1 176256
1 141719
1 102965
1 195241
1 147192
1 127905
1 152134
1 137524
1 157383
1 138261
1 136313
1 131418
1 144120
1 120251
1 177698
1 142210
1 147950
1 118107
1 165508
1 179768
1 114838
1 130751
1 179115
1 120513
1 177911
1 130001
1 106095
1 169054
1 149412
1 183664
1 168268
1 188541
1 144553
1 195197
1 192881
1 173160
1 114600
1 104600
1 151099
1 102337
1 187681
1 153334
1 115276
1 132824
1 102681
1 120283
1 137486
1 179520
1 140973
1 100059
1 187305
1 174836
1 110368
1 120508
1 125176
1 131016
1 148007
1 147300
1 196946
1 128159
1 139441
1 143181
1 184710
1 167166
1 145489
1 197343
1 124753
1 159467
1 140909
1 100648
1 171622
1 172483
1 140831
1 184431
1 132326
1 107222
1 112407
1 121486
1 117975
1 122569
1 117839
1 188289
1 147613
1 125010
1 142408
1 140894
1 140412
1 124364
1 145316
1 110409
1 198081
1 120411
1 122350
1 186962
1 194922
1 195916
1 109098
1 160607
1 149289
1 136484
1 152271
1 116217
1 176184
1 152348
1 134993
1 119674
1 158571
1 121354
1 144089
1 150890
1 138414
1 143963
1 183449
1 167066
1 179362
1 130031
1 121397
1 101989
1 146719
1 163064
1 159931
1 111731
1 199841
1 102544
1 135115
1 133083
1 149401
1 195406
1 140348
1 105980
1 192696
1 168277
1 114080
1 156980
1 163049
1 171678
1 161270
1 198658
1 143978
1 110181
1 137540
1 116578
1 115933
1 101428
1 146699
1 103824
1 128791
1 139491
1 155754
1 160801
1 155771
1 133918
1 167843
1 157893
1 114907
1 197140
1 147201
1 188825
1 189223
1 120026
1 115946
1 137432
1 184335
1 106664
1 128274
1 154215
1 123161
1 195936
1 179699
1 158839
1 189813
1 131522
1 185350
1 175571
1 115080
1 173334
1 136125
1 108767
1 143639
1 170196
1 126377
1 170670
1 101809
1 180492
1 140984
1 191830
1 180501
1 189881
1 122803
1 105221
1 169130
1 147109
1 134965
1 150156
1 104645
1 182658
1 166620
1 115664
1 137491
1 144108
1 186924
1 110205
1 127392
1 138137
1 102939
1 191737
1 103464
1 156740
1 169644
1 106447
1 181733
1 161512
1 181879
1 160983
1 123998
1 108969
1 154831
1 176941
1 140622
1 174191
1 168350
1 182184
1 100580
1 143604
1 120756
1 173021
1 129965
1 104112
1 155697
1 171350
1 122369
1 116450
1 101062
1 193801
1 101346
1 192893
1 134516
1 159506
1 198881
1 199341
1 126366
1 176668
1 167814
1 196969
1 154299
1 102869
1 169299
1 136378
1 101821
1 181488
1 162489
1 103253
1 101653
1 160976
1 165531
1 130207
1 146631
1 153200
1 107678
1 126534
1 162922
1 109679
1 154631
1 132381
1 190723
1 154747
1 129837
1 105680
1 113553
1 169153
1 149629
1 195348
1 121073
1 156173
1 152370
1 181896
1 174719
1 123536
1 125961
1 102877
1 135469
1 158871
1 145192
1 144851
1 123903
1 150694
1 140041
1 155961
1 189514
1 143785
1 161709
1 168702
1 107802
1 199188
1 112721
1 104602
1 180891
1 119475
1 142360
1 146758
1 106366
1 171219
1 142954
1 104308
1 114565
1 159765
1 139469
1 124836
1 174600
1 114247
1 159045
1 132993
1 171621
1 182406
1 104283
1 187943
1 115716
1 124432
1 190005
1 181666
1 189668
1 133691
1 176030
1 142352
1 124402
1 162170
1 119872
1 129023
1 116156
1 155722
1 164670
1 147723
1 100259
1 127371
1 130085
1 144737
1 180691
1 147042
1 136461
1 123025
1 185623
1 131349
1 152810
1 191350
1 141182
1 117863
1 113008
1 134205
1 177858
1 109605
1 177690
1 126271
1 101990
1 133550
1 141987
1 153287
1 165772
1 158231
1 110497
1 147387
1 161806
1 160608
1 180184
1 177616
1 172854
1 181142
1 137869
1 141541
1 109986
1 158249
1 191032
1 131714
1 119982
1 192402
1 105319
1 159264
1 198091
1 151342
1 138117
1 139464
1 178754
1 192282
1 167673
1 161041
1 156523
1 110736
1 104661
1 189856
1 197943
1 180777
1 106185
1 121966
1 137586
1 167514
1 166563
1 155203
1 199518
1 179508
1 120510
1 112114
1 129209
1 172197
1 127997
1 189732
1 107584
1 126961
1 125505
1 145563
1 137030
1 101679
1 193515
1 125518
1 118102
1 123283
1 185299
1 119970
1 101733
1 152406
1 118648
1 115703
1 115806
1 147692
1 167460
1 140303
1 173063
1 176492
1 198413
1 163301
1 117921
1 164137
1 102850
1 191491
1 114457
1 179291
1 114651
1 110284
1 192402
1 178552
1 177124
1 178716
1 102380
1 182156
1 162250
1 135018
1 166421
1 192321
1 127422
1 121276
1 194309
1 105401
1 127064
1 195191
1 109849
1 175828
1 122259
1 194757
1 126793
1 145507
1 185708
1 101144
1 147172
1 107062
1 107494
1 131187
1 139020
1 151124
1 179360
1 115233
1 130750
1 129673
1 120886
1 183225
1 163988
1 173588
1 192527
1 186883
1 134929
1 182337
1 150698
1 139391
1 123710
1 186311
1 144814
1 192476
1 134959
1 173654
1 190407
1 122289
1 117268
1 167772
1 117590
1 124408
1 180591
1 192826
1 178888
1 143535
1 150667
1 182301
1 111348
1 155149
1 159506
1 187461
1 100410
1 124184
1 175494
1 148236
1 180478
1 185648
1 148732
1 193446
1 146329
1 121252
1 128959
1 121061
1 136622
1 163319
1 180194
1 129971
1 115437
1 182130
1 149066
1 164978
1 120419
1 191365
1 100522
1 138145
1 121862
1 100163
1 178050
1 100072
1 130646
1 170548
1 135253
1 176031
1 127951
1 112072
1 111420
1 164391
1 156745
1 198427
1 108191
1 105502
1 152649
1 122903
1 103491
1 160851
1 160834
1 129969
1 128243
1 183923
1 195801
1 173937
1 131898
1 168521
1 165699
1 178434
1 172509
1 132186
1 179057
1 155229
1 137509
1 114020
1 132855
1 149787
1 122400
1 124812
1 186064
1 154555
1 115388
1 178675
1 160964
1 130796
1 126546
1 179274
1 110828
1 104809
1 194476
1 155809
1 138566
1 191312
1 147186
1 131658
1 160649
1 169192
1 151227
1 187543
1 116773
1 155972
1 102172
1 115213
1 173535
1 199270
1 105750
1 107334
1 130118
1 195086
1 185047
1 149881
1 137699
1 166171
1 146840
1 106459
1 133027
1 155572
1 192311
1 163715
1 149493
1 144509
1 108436
1 193535
1 118124
1 145180
1 118184
1 177846
1 184615
1 178412
1 112253
1 105184
1 191017
1 127914
1 139944
1 119422
1 151161
1 158259
1 136259
1 153833
1 137055
1 143921
1 187203
1 192480
1 113976
1 148531
1 108597
1 120663
1 125965
1 198813
1 119151
1 108266
1 124225
1 151170
1 117244
1 165238
1 165633
1 111182
1 158933
1 178008
1 175588
1 162254
1 147806
1 115087
1 156589
1 151464
1 114927
1 152016
1 132586
1 166059
1 106993
1 111801
1 196694
1 115812
1 172228
1 185166
1 178213
1 124567
1 172705
1 197128
1 144810
1 138237
1 194774
1 100385
1 132899
1 117794
1 169047
1 132916
1 125279
1 106791
1 180078
1 163352
1 170511
1 168289
1 123817
1 131378
1 170747
1 182996
1 174259
1 115250
1 159985
1 109252
1 179372
1 183196
1 135960
1 113435
1 184147
1 160648
1 123094
1 102984
1 164173
1 170123
1 184205
1 177913
1 135610
1 142343
1 141728
1 155858
1 163464
1 115292
1 101996
1 179629
1 179327
1 196491
1 175182
1 142231
1 139448
1 160493
1 170908
1 128095
1 112090
1 154245
1 121279
1 137155
1 168761
1 127805
1 167968
1 198748
1 144751
1 176476
1 139866
1 183783
1 186577
1 191961
1 106108
1 139260
1 145890
1 108825
1 120543
1 118406
1 122497
1 107603
1 103550
1 133931
1 142920
1 115427
1 169568
1 113902
1 143856
1 122553
1 143391
1 158484
1 197706
1 132282
1 162170
1 192652
1 153428
1 184479
1 124561
1 193948
1 150617
1 141826
1 199822
1 141622
1 196277
1 161023
1 163773
1 143516
1 158536
1 181961
1 195001
1 119810
1 160516
1 196431
1 185346
1 105521
1 169381
1 145755
1 147368
1 131227
1 166819
1 134399
1 163988
1 109175
1 185729
1 110225
1 189284
1 103988
1 169885
1 128273
1 103480
1 164526
1 143054
1 133297
1 177681
1 154815
1 121558
1 188552
1 135372
1 178665
1 193167
1 198335
1 183474
1 143729
1 129762
1 170360
1 195811
1 173667
1 191121
1 148192
1 114289
1 141568
1 185057
1 153754
1 179352
1 145539
1 110026
1 175119
1 105057
1 109993
1 176774
1 167248
1 198471
1 149181
1 121562
1 167386
1 176731
1 161164
1 128813
1 191670
1 166211
1 115358
1 199210
1 138002
1 119742
1 132224
1 131952
1 109575
1 140737
1 143702
1 169803
1 116386
1 161664
1 170111
1 149848
1 158850
1 155455
1 193962
1 104233
1 112024
1 130044
1 157752
1 126461
1 145582
1 113615
1 144113
1 111813
1 193165
1 173958
1 140702
1 188275
1 196870
1 187400
1 136230
1 167967
1 127212
1 169397
1 111248
1 149593
1 173930
1 118953
1 101386
1 142157
1 153127
1 196886
1 162766
1 163834
1 152854
1 152357
1 106460
1 180311
1 198814
1 125538
1 188533
1 183134
1 116439
1 119734
1 127185
1 151159
1 171852
1 165308
1 158119
1 151573
1 124683
1 146946
1 124752
1 192822
1 180008
1 171216
1 165970
1 172505
1 147065
1 127711
1 196397
1 180652
1 140768
1 133157
1 138017
1 192139
1 195341
1 139753
1 194674
1 159868
1 148233
1 163111
1 122658
1 127285
1 119526
1 152754
1 174219
1 142554
1 168564
1 145172
1 127569
1 152434
1 117718
1 134733
1 124844
1 198075
1 185384
1 197186
1 142193
1 134793
1 128937
1 170592
1 175270
1 117333
1 188389
1 186985
1 129010
1 149055
1 186408
1 101114
1 181621
1 185521
1 141833
1 151978
1 147601
1 189831
1 183582
1 172111
1 138362
1 141389
1 143397
1 109878
1 112287
1 141335
1 105376
1 102817
1 154393
1 196414
1 157676
1 108741
1 130935
1 186267
1 161247
1 188323
1 102190
1 155179
1 164123
1 118059
1 125822
1 127800
1 195632
1 160555
1 121644
1 109655
1 178008
1 186903
1 108880
1 147284
1 132581
1 131875
1 179386
1 165555
1 124297
1 139917
1 196038
1 163179
1 156532
1 137013
1 125951
1 176584
1 173693
1 104605
1 194417
1 133593
1 114512
1 154794
1 102888
1 119920
1 128688
1 105382
1 102411
1 179970
1 141851
1 158577
1 160898
1 112863
1 124299
1 155489
1 105273
1 172693
1 107022
1 179124
1 198070
1 116910
1 125799
1 124499
1 198621
1 189457
1 195272
1 183298
1 102720
1 133878
1 150463
1 134142
1 193775
1 173107
1 161562
1 129963
1 181324
1 127748
1 116842
1 178866
1 113399
1 133525
1 107074
1 136096
1 142394
1 121806
1 167426
1 105069
1 124592
1 119356
1 136252
1 131211
1 117475
1 191086
1 194870
1 144519
1 162138
1 156695
1 172236
1 158256
1 112027
1 139150
1 189095
1 184596
1 122995
1 188830
1 177061
1 166341
1 186164
1 182467
1 171999
1 126031
1 122218
1 136509
1 133917
1 159580
1 110534
1 112981
1 122232
1 183423
1 143018
1 173536
1 143328
1 146607
1 119242
1 188857
1 180815
1 175048
1 148828
1 130117
1 114672
1 142402
1 115425
1 139394
1 145358
1 151399
1 146170
1 180329
1 174476
1 122136
1 135976
1 176149
1 124399
1 192365
1 162215
1 191060
1 195523
1 153550
1 153238
1 183334
1 145386
1 146734
1 140538
1 147325
1 152366
1 186001
1 186284
1 133400
1 188509
1 185627
1 113563
1 120543
1 176185
1 174914
1 141454
1 124701
1 118240
1 154172
1 144595
1 127605
1 156729
1 195431
1 130289
1 194155
1 101468
1 163171
1 117149
1 158373
1 101042
1 110105
1 104243
1 116579
1 119803
1 120711
1 158206
1 189067
1 145154
1 166251
1 168224
1 187988
1 144679
1 114243
1 124670
1 102772
1 143268
1 198355
1 113463
1 112823
1 162227
1 103785
1 175192
1 156074
1 187125
1 137928
1 155462
1 116761
1 187819
1 177475
1 111913
1 109069
1 179801
1 125214
1 143938
1 158645
1 129141
1 199432
1 133203
1 176883
1 199564
1 178732
1 196148
1 191117
1 113851
1 118922
1 182083
1 194093
1 105968
1 116739
1 131731
1 136289
1 116253
1 179072
1 164217
1 114189
1 153385
1 109219
1 175623
1 118028
1 103991
1 111337
1 148853
1 139546
1 134702
1 120687
1 164274
1 127703
1 192865
1 120425
1 173031
1 157768
1 121163
1 124231
1 105642
1 101526
1 180603
1 196358
1 185220
1 122409
1 144829
1 177991
1 146297
1 141677
1 114561
1 119557
1 130202
1 161803
1 113345
1 138536
1 180670
1 123905
1 126103
1 172247
1 140989
1 115663
1 141707
1 166271
1 187516
1 178346
1 162235
1 192355
1 116945
1 162007
1 124511
1 118776
1 169198
1 123351
1 192996
1 124256
1 154793
1 186698
1 149648
1 135550
1 133498
1 186078
1 132819
1 137890
1 121558
1 142827
1 197899
1 130717
1 153658
1 137399
1 127568
1 179596
1 165536
1 197044
1 113369
1 123122
1 117814
1 156046
1 199833
1 171053
1 188921
1 195176
1 166892
1 168464
1 145853
1 170626
1 176558
1 117973
1 122436
1 140579
1 174092
1 136947
1 180209
1 120841
1 190688
1 165872
1 168726
1 178797
1 192015
1 172410
1 125027
1 181384
1 147593
1 146568
1 135502
1 152805
1 127372
1 155040
1 131622
1 189134
1 165316
1 174037
1 177693
1 103645
1 159795
1 120084
1 136782
1 162642
1 170785
1 176942
1 198649
1 112141
1 119671
1 199870
1 140011
1 130328
1 113454
1 195494
1 199120
1 198931
1 199827
1 187035
1 121707
1 137453
1 166888
1 183917
1 199223
1 186042
1 100570
1 182087
1 136450
1 115196
1 118031
1 184439
1 182415
1 172848
1 180579
1 175008
1 194422
1 192408
1 110364
1 137908
1 155873
1 114348
1 140725
1 169588
1 180683
1 187491
1 125372
1 138927
1 145971
1 198531
1 102914
1 103851
1 105480
1 113585
1 157446
1 151091
1 177834
1 155390
1 168886
1 165003
1 160068
1 178312
1 196939
1 148959
1 105379
1 110468
1 109261
1 157528
1 132786
1 147664
1 192824
1 108789
1 167836
1 199580
1 125195
1 120226
1 156745
1 172400
1 184220
1 159316
1 127316
1 166498
1 152542
1 170800
1 121949
1 126670
1 108472
1 182650
1 167387
1 174529
1 157130
1 101919
1 119544
1 164722
1 126415
1 134989
1 129066
1 132344
1 162015
1 104698
1 126466
1 154630
1 116592
1 141414
1 104520
1 113933
1 138931
1 172025
1 124505
1 134403
1 131193
1 190740
1 110004
1 151315
1 130509
1 148254
1 164520
1 128028
1 176735
1 108781
1 143059
1 197190
1 185522
1 106006
1 184173
1 100537
1 159275
1 140130
1 161707
1 191450
1 166776
1 176268
1 142409
1 115592
1 143226
1 199590
1 167288
1 104218
1 175170
1 107146
1 110323
1 140728
1 111747
1 116658
1 137461
1 124168
1 163001
1 149293
1 161128
1 162600
1 179645
1 155037
1 177658
1 118309
1 196845
1 149459
1 182167
1 114353
1 143217
1 117307
1 169698
1 153843
1 108822
1 104233
1 176280
1 174980
1 179910
1 156983
1 152431
1 137992
1 145475
1 100009
1 198226
1 164257
1 176726
1 128921
1 185795
1 171825
1 139083
1 120105
1 108594
1 160120
1 116147
1 117646
1 122935
1 135511
1 131769
1 192701
1 141412
1 155638
1 133380
1 157505
1 147965
1 125157
1 177744
1 137508
1 106431
1 162352
1 193119
1 141098
1 133453
1 156316
1 162722
1 138324
1 173442
1 190561
1 191889
1 186435
1 104826
1 145263
1 144034
1 170364
1 199370
1 185625
1 117718
1 140519
1 115465
1 125132
1 196316
1 138308
1 164459
1 116752
1 162127
1 162151
1 121189
1 189883
1 104491
1 122529
1 138689
1 139431
1 185755
1 152713
1 172806
1 154367
1 133050
1 181284
1 163141
1 166064
1 168683
1 111685
1 193342
1 155284
1 155269
1 193381
1 158954
1 174763
1 100662
1 165407
1 111818
1 179250
1 176874
1 160714
1 187681
1 151365
1 167143
1 155465
1 143160
1 111406
1 113542
1 178996
1 118176
1 164198
1 144317
1 179353
1 129073
1 116013
1 117685
1 171898
1 139809
1 143668
1 117567
1 192178
1 109755
1 105383
1 146748
1 117865
1 116850
1 113408
1 107520
1 127759
1 156438
1 171906
1 146537
1 105466
1 157583
1 100471
1 148841
1 162511
1 119340
1 128552
1 140505
1 174533
1 199472
1 121065
1 146652
1 171012
1 166139
1 167274
1 182709
1 174782
1 116860
1 159639
1 155784
1 146966
1 195080
1 157017
1 118996
1 162830
1 127668
1 177408
1 114595
1 153197
1 188594
1 149530
1 159827
1 184624
1 116372
1 150531
1 194313
1 144068
1 109927
1 111425
1 106165
1 135527
1 104360
1 135910
1 144737
1 145648
1 127837
1 144061
1 192692
1 140320
1 196121
1 162404
1 190583
1 108092
1 159433
1 161940
1 135557
1 137484
1 127664
1 186132
1 115314
1 108007
1 151057
1 123339
1 194928
1 125741
1 176312
1 140926
1 159896
1 189407
1 180656
1 172769
1 149545
1 190845
1 134833
1 158250
1 152864
1 195270
1 123440
1 177449
1 172767
1 171861
1 134332
1 161395
1 161841
1 186054
1 159887
1 164009
1 154990
1 142972
1 172828
1 136796
1 183610
1 168579
1 174044
1 110264
1 135736
1 164849
1 192722
1 145281
1 175709
1 124357
1 128581
1 190916
1 172745
1 108424
1 184832
1 138825
1 162527
1 129941
1 132034
1 188204
1 113039
1 139870
1 108229
1 150066
1 126133
1 104079
1 150334
1 122449
1 139057
1 100740
1 103552
1 153760
1 103555
1 122410
1 148430
1 189607
1 166043
1 115392
1 124443
1 115470
1 116323
1 149249
1 110494
1 120859
1 181630
1 105373
1 161699
1 126893
1 150161
1 137899
1 196213
1 135263
1 120439
1 187131
1 159318
1 136606
1 141063
1 166952
1 140481
1 198124
1 166442
1 137377
1 100705
1 132120
1 170792
1 178111
1 129200
1 160611
1 139447
1 127467
1 105156
1 149130
1 128426
1 198814
1 105946
1 188681
1 184265
1 173920
1 195503
1 181141
1 131743
1 184238
1 148560
1 170463
1 180006
1 192688
1 152600
1 144604
1 155745
1 127539
1 101472
1 112626
1 175304
1 132745
1 105706
1 130875
1 159643
1 116606
1 164152
1 193304
1 187561
1 171927
1 100307
1 184927
1 174363
1 199546
1 162497
1 108976
1 173359
1 187989
1 159736
1 178234
1 126837
1 198616
1 117642
1 180181
1 119387
1 120589
1 151234
1 104149
1 188419
1 117821
1 150980
1 190315
1 151353
1 154283
1 182076
1 159094
1 146149
1 176743
1 179766
1 170781
1 167705
1 186957
1 184527
1 136464
1 148394
1 185334
1 188625
1 199277
1 120728
1 195212
1 101556
1 145117
1 162934
1 176270
1 195872
1 175080
1 148310
1 187352
1 136152
1 111994
1 163420
1 119508
1 136696
1 197814
1 108583
1 104121
1 160262
1 168782
1 165983
1 124896
1 193091
1 137510
1 126566
1 134790
1 109654
1 117441
1 123885
1 130975
1 151277
1 135171
1 148832
1 172834
1 150763
1 103718
1 103685
1 133446
1 145705
1 107608
1 186583
1 124469
1 194537
1 166791
1 162916
1 189782
1 147287
1 105414
1 133467
1 112314
1 119959
1 194677
1 170478
1 186034
1 125054
1 114115
1 107436
1 129350
1 159308
1 139447
1 125642
1 140693
1 187757
1 168122
1 137623
1 187576
1 151790
1 125455
1 126518
1 147619
1 102499
1 176752
1 129409
1 117098
1 107537
1 199420
1 188063
1 115832
1 138841
1 183168
1 193506
1 111876
1 125639
1 107143
1 187268
1 169477
1 184724
1 133795
1 147733
1 179074
1 159774
1 163136
1 175241
1 192275
1 123972
1 189574
1 128362
1 196694
1 134260
1 108908
1 163771
1 179386
1 157388
1 134820
1 184115
1 128213
1 195063
1 125725
1 135538
1 182893
1 118225
1 116440
1 135815
1 194858
1 155323
1 117275
1 183664
1 164878
1 178388
1 143955
1 122453
1 174166
1 189632
1 169585
1 183220
1 100043
1 176927
1 128272
1 192096
1 186131
1 105209
1 170463
1 124875
1 145838
1 135585
1 118958
1 135088
1 169804
1 140301
1 112942
1 193908
1 112925
1 166792
1 184456
1 152272
1 132553
1 103163
1 198421
1 146858
1 137428
1 106585
1 166042
1 123825
1 113184
1 161867
1 159972
1 173703
1 101468
1 146766
1 119118
1 147500
1 152853
1 161659
1 146812
1 145267
1 179185
1 157676
1 177341
1 139466
1 183568
1 180885
1 171929
1 120460
1 123624
1 183049
1 106776
1 190071
1 170819
1 180061
1 137685
1 103231
1 154732
1 102752
1 128228
1 104868
1 165317
1 137516
1 192247
1 161472
1 124184
1 130525
1 117398
1 145676
1 133296
1 182418
1 190088
1 166416
1 133780
1 115418
1 174577
1 134613
1 119715
1 136708
1 195977
1 196553
1 142857
1 139934
1 190006
1 142635
1 116953
1 112386
1 153522
1 181955
1 101137
1 146824
1 131400
1 164966
1 104181
1 164281
1 132734
1 128899
1 123767
1 151435
1 192578
1 126563
1 196573
1 148614
1 176017
1 177633
1 199802
1 153889
1 145593
1 146233
1 112209
1 169046
1 130634
1 181723
1 108789
1 122736
1 191951
1 192563
1 188150
1 168742
1 100912
1 157502
1 183222
1 105752
1 104661
1 103469
1 100013
1 105930
1 193917
1 179350
1 170915
1 151135
1 104679
1 141939
1 182553
1 122681
1 186959
1 153216
1 151367
1 131096
1 172799
1 167544
1 100166
1 184450
1 129697
1 197875
1 134149
1 153783
1 174651
1 195564
1 155925
1 159704
1 193872
1 189839
1 193976
1 141404
1 130738
1 138855
1 165569
1 140128
1 160292
1 140643
1 175846
1 191445
1 128070
1 113545
1 194040
1 168446
1 195825
1 146895
1 176553
1 118853
1 120872
1 180964
1 170986
1 102058
1 122809
1 190474
1 195796
1 121161
1 174846
1 172575
1 161859
1 135167
1 120318
1 170204
1 197023
1 148819
1 103450
1 104065
1 189909
1 172525
1 165819
1 195717
1 138279
1 129623
1 103615
1 145264
1 193891
1 193751
1 149104
1 150067
1 121369
1 185061
1 183630
1 182135
1 105976
1 174540
1 165675
1 181875
1 188338
1 132826
1 155636
1 171960
1 180879
1 162631
1 185380
1 143316
1 154592
1 188361
1 199226
1 106333
1 176103
1 172700
1 187588
1 187991
1 112710
1 146229
1 121008
1 143035
1 170729
1 155413
1 135300
1 111737
1 146884
1 192978
1 163302
1 170694
1 147994
1 138901
1 165743
1 116518
1 131817
1 128629
1 131030
1 123147
1 147765
1 110480
1 187591
1 106265
1 118649
1 157357
1 131898
1 118859
1 136032
1 143276
1 107086
1 137734
1 138811
1 178944
1 129158
1 151478
1 118982
1 188093
1 146959
1 123907
1 154223
1 115499
1 141010
1 158096
1 184870
1 170428
1 180496
1 124696
1 194699
1 122613
1 141583
1 119365
1 185105
1 146796
1 164943
1 168940
1 134330
1 105884
1 191385
1 153560
1 177334
1 124415
1 130922
1 124382
1 162096
1 171342
1 139544
1 102560
1 123556
1 180924
1 137545
1 168790
1 127807
1 183442
1 172574
1 147516
1 121314
1 177202
1 147008
1 136577
1 103134
1 114626
1 165557
1 191981
1 104173
1 141934
1 150335
1 118173
1 107260
1 149924
1 136417
1 160909
1 162673
1 181667
1 129134
1 190792
1 197440
1 182100
1 150015
1 109122
1 146719
1 143006
1 198130
1 127723
1 131887
1 140702
1 122267
1 181492
1 107771
1 142975
1 176652
1 173875
1 104830
1 157725
1 195993
1 121842
1 130463
1 153917
1 113109
1 103991
1 177933
1 151605
1 178693
1 101760
1 128228
1 160069
1 191437
1 137825
1 169943
1 161658
1 184530
1 135231
1 139526
1 147149
1 116164
1 102680
1 187711
1 129259
1 124407
1 110638
1 190973
1 183222
1 158557
1 194396
1 151707
1 173557
1 180793
1 189667
1 124120
1 107421
1 140162
1 130320
1 130831
1 127220
1 113459
1 110105
1 188629
1 161790
1 172075
1 197751
1 163428
1 117293
1 165798
1 153384
1 193287
1 136274
1 124985
1 124884
1 120959
1 197960
1 111522
1 194942
1 127197
1 139018
1 164390
1 130603
1 130567
1 167550
1 166173
1 143968
1 162799
1 183333
1 195508
1 167714
1 104777
1 167612
1 112998
1 144513
1 116475
1 118887
1 193537
1 185574
1 120975
1 137312
1 190704
1 179520
1 135693
1 152468
1 165530
1 118787
1 198495
1 139044
1 124264
1 160768
1 130114
1 180743
1 137465
1 151545
1 112955
1 105814
1 163235
1 134588
1 195497
1 134675
1 152749
1 172821
1 127569
1 172163
1 169616
1 156502
1 108699
1 151304
1 143678
1 176564
1 187677
1 151342
1 115678
1 131012
1 191482
1 126634
1 116395
1 144567
1 138628
1 142246
1 148619
1 136790
1 181156
1 195576
1 133290
1 196045
1 144889
1 153305
1 161812
1 145662
1 183256
1 185299
1 165709
1 129014
1 106029
1 158554
1 157013
1 189932
1 170936
1 116761
1 149797
1 115966
1 170279
1 171034
1 197071
1 191648
1 197795
1 174598
1 108914
1 129278
1 164118
1 134372
1 161485
1 191697
1 181143
1 136573
1 148940
1 120695
1 198708
1 191269
1 194826
1 102320
1 193045
1 132733
1 104510
1 100211
1 118934
1 109174
1 107854
1 147673
1 126220
1 184276
1 153926
1 101596
1 113951
1 102268
1 174363
1 168774
1 148687
1 137926
1 148581
1 122660
1 174579
1 136892
1 182032
1 139261
1 110795
1 174926
1 195518
1 141589
1 133345
1 145723
1 120399
1 193279
1 109231
1 119886
1 183940
1 111576
1 195734
1 152676
1 131369
1 199893
1 159733
1 193191
1 127809
1 187444
1 135509
1 125024
1 175396
1 130894
1 156688
1 179113
1 173266
1 115989
1 100001
1 194489
1 123536
1 116269
1 100900
1 149769
1 109013
1 192764
1 105660
1 114275
1 143711
1 126820
1 159867
1 152352
1 189500
1 179802
1 150350
1 122791
1 142663
1 112002
1 143973
1 183968
1 132616
1 187685
1 199076
1 139663
1 149472
1 176565
1 182655
1 183086
1 159969
1 173611
1 164595
1 138627
1 136864
1 196459
1 161403
1 162025
1 179490
1 155925
1 144971
1 118064
1 156197
1 102461
1 147409
1 176886
1 162255
1 167127
1 198697
1 111048
1 155910
1 158826
1 172166
1 160568
1 199895
1 183602
1 169140
1 157522
1 176711
1 114315
1 194628
1 106057
1 162891
1 111663
1 173161
1 189163
1 167182
1 160561
1 133549
1 184272
1 133833
1 151470
1 116975
1 138724
1 192563
1 102841
1 121026
1 142092
1 158036
1 119329
1 151814
1 114210
1 143627
1 107018
1 117486
1 105423
1 151975
1 116719
1 186599
1 196470
1 170979
1 134919
1 130848
1 190951
1 156764
1 150518
1 191114
1 141198
1 144695
1 180941
1 118357
1 191585
1 154504
1 104191
1 108727
1 127002
1 115977
1 128802
1 158142
1 183054
1 142954
1 117398
1 164002
1 165287
1 103457
1 170690
1 117960
1 175780
1 119582
1 197658
1 190109
1 103850
1 171388
1 136017
1 131513
1 176880
1 187656
1 198467
1 114215
1 116848
1 117750
1 100908
1 136751
1 147243
1 185148
1 140511
1 117101
1 137498
1 197907
1 112761
1 154744
1 190004
1 119620
1 145844
1 119515
1 146091
1 145165
1 136954
1 190038
1 197797
1 163846
1 120688
1 154401
1 125278
1 177490
1 111416
1 180815
1 159728
1 146357
1 128949
1 166274
1 144139
1 183129
1 105796
1 110636
1 191957
1 129764
1 113925
1 137915
1 124934
1 100376
1 153476
1 105723
1 145490
1 148427
1 152448
1 183937
1 175831
1 106593
1 146540
1 145290
1 140079
1 193038
1 183881
1 146936
1 195573
1 171962
1 123433
1 192348
1 180287
1 109763
1 190292
1 107621
1 121358
1 118334
1 195247
1 182534
1 190209
1 193341
1 158334
1 112511
1 115024
1 120706
1 127788
1 109413
1 110896
1 130663
1 122668
1 163950
1 166171
1 171920
1 163616
1 166771
1 179444
1 175254
1 159850
1 130084
1 190069
1 184453
1 199918
1 114537
1 141138
1 149621
1 175812
1 166821
1 164917
1 123409
1 153843
1 180809
1 194157
1 104748
1 188136
1 144408
1 121524
1 137593
1 142560
1 199317
1 116149
1 167296
1 188578
1 140722
1 178255
1 163319
1 170646
1 152157
1 183890
1 151739
1 172166
1 160491
1 163575
1 169732
1 107887
1 148754
1 129836
1 172654
1 165850
1 141787
1 149283
1 120950
1 148208
1 183584
1 162221
1 122558
1 157649
1 111600
1 188215
1 127381
1 184774
1 176241
1 181887
1 183046
1 128767
1 139570
1 174192
1 175894
1 146411
1 196214
1 101738
1 119661
1 138822
1 197213
1 180953
1 164513
1 156339
1 157673
1 195003
1 183726
1 113443
1 142385
1 182898
1 167088
1 115815
1 104748
1 198532
1 140588
1 178430
1 145195
1 164641
1 176591
1 191069
1 168514
1 167925
1 197290
1 161401
1 176146
1 106996
1 127020
1 162037
1 100059
1 118350
1 136862
1 198292
1 162386
1 180852
1 113499
1 136136
1 117064
1 111631
1 147260
1 151313
1 150169
1 172501
1 109785
1 102371
1 177041
1 142801
1 197059
1 118851
1 104088
1 190119
1 188625
1 141003
1 188149
1 140883
1 116858
1 193780
1 186634
1 159882
1 161011
1 154890
1 169426
1 198104
1 168410
1 140364
1 120029
1 177791
1 185176
1 147682
1 121721
1 155794
1 129395
1 127588
1 119561
1 169150
1 156058
1 193587
1 103396
1 113819
1 195385
1 106779
1 115696
1 138572
1 101066
1 114564
1 111772
1 102881
1 106717
1 168553
1 167545
1 158765
1 196711
1 161368
1 126588
1 166891
1 118533
1 162306
1 190189
1 123252
1 147546
1 148671
1 101069
1 181166
1 147760
1 165943
1 136073
1 131943
1 138214
1 157349
1 187875
1 109393
1 117968
1 105048
1 174649
1 145263
1 138671
1 195493
1 101625
1 160664
1 108974
1 173069
1 188566
1 188514
1 128310
1 156800
1 142461
1 189074
1 150737
1 151545
1 165272
1 179891
1 189765
1 101059
1 131248
1 118684
1 187058
1 177644
1 149652
1 194096
1 176371
1 180880
1 138980
1 110925
1 178664
1 118754
1 124420
1 149928
1 143298
1 164268
1 118023
1 193026
1 153056
1 121712
1 174707
1 199318
1 107651
1 127477
1 191083
1 108147
1 195703
1 152923
1 169747
1 150555
1 196354
1 168490
1 149786
1 123365
1 127428
1 195877
1 182927
1 178230
1 193753
1 124806
1 126572
1 152283
1 179092
1 183168
1 109841
1 116296
1 131516
1 108569
1 174049
1 187863
1 144038
1 119971
1 189235
1 123317
1 181013
1 174982
1 109402
1 137633
1 120598
1 155544
1 144405
1 169132
1 107071
1 126700
1 153238
1 185814
1 135609
1 199986
1 192152
1 141932
1 142150
1 136142
1 175757
1 109990
1 129856
1 189564
1 120757
1 139182
1 104923
1 119980
1 114403
1 126005
1 125595
1 170621
1 122424
1 162064
1 128576
1 161535
1 118503
1 129366
1 161365
1 135664
1 115301
1 183729
1 163075
1 172850
1 182057
1 188373
1 113162
1 112769
1 130951
1 186634
1 138053
1 165889
1 130468
1 157930
1 110768
1 158361
1 105437
1 117976
1 157514
1 179210
1 126158
1 152955
1 182601
1 128771
1 140762
1 183645
1 125327
1 130638
1 174658
1 195540
1 198304
1 139263
1 110652
1 154323
1 194132
1 120355
1 138830
1 198197
1 101016
1 153413
1 110110
1 168150
1 195588
1 102595
1 131963
1 166842
1 117338
1 113976
1 171607
1 155439
1 160933
1 129682
1 143588
1 134850
1 185615
1 189191
1 170474
1 199547
1 127885
1 115263
1 161485
1 185601
1 136024
1 119262
1 188182
1 183427
1 194687
1 196569
1 174143
1 178081
1 109432
1 140159
1 143907
1 116093
1 198406
1 194613
1 179743
1 129956
1 156811
1 193082
1 165876
1 167327
1 140796
1 170624
1 168538
1 192201
1 155237
1 120415
1 113121
1 194583
1 146167
1 115889
1 166959
1 129057
1 178646
1 170828
1 166026
1 129678
1 135448
1 118161
1 176846
1 115366
1 138158
1 189711
1 188907
1 132381
1 162521
1 158245
1 170454
1 121284
1 140993
1 103361
1 103802
1 194016
1 187603
1 119018
1 185167
1 130578
1 148400
1 120546
1 180503
1 121763
1 156750
1 198582
1 131063
1 198303
1 155964
1 168496
1 161517
1 152277
1 117619
1 105804
1 166985
1 103264
1 185903
1 119222
1 153887
1 132973
1 156073
1 181387
1 188377
1 182785
1 190525
1 100129
1 148297
1 142506
1 149227
1 108467
1 170971
1 175626
1 178389
1 176562
1 111839
1 127274
1 147201
1 134598
1 163998
1 100333
1 164874
1 105480
1 146195
1 129772
1 187485
1 180208
1 121956
1 119165
1 167242
1 139649
1 149814
1 181094
1 151402
1 164003
1 167556
1 183365
1 161614
1 162249
1 179508
1 134941
1 189498
1 134393
1 127757
1 157412
1 155971
1 147357
1 162183
1 171313
1 114605
1 125817
1 127801
1 166118
1 102078
1 152510
1 117685
1 129709
1 151674
1 125513
1 120619
1 130724
1 173831
1 191300
1 132306
1 158874
1 165433
1 108832
1 154982
1 191991
1 184643
1 147079
1 187181
1 101145
1 195101
1 175681
1 199896
1 189417
1 107625
1 170377
1 190024
1 137707
1 195972
1 142671
1 187319
1 108810
1 120125
1 110380
1 169464
1 119272
1 118217
1 149809
1 148034
1 153654
1 107112
1 151599
1 165087
1 195225
1 106538
1 102141
1 178499
1 112886
1 100105
1 166832
1 136331
1 108855
1 122605
1 115184
1 156666
1 103841
1 189292
1 126330
1 144253
1 191530
1 143360
1 172394
1 189943
1 166471
1 116479
1 166764
1 186083
1 120219
1 193629
1 192437
1 185055
1 167763
1 188627
1 102335
1 144990
1 132930
1 172888
1 199485
1 139562
1 145128
1 179740
1 152555
1 144693
1 179549
1 194696
1 151143
1 191989
1 196180
1 121495
1 137879
1 171366
1 166863
1 117669
1 193050
1 126772
1 153231
1 197669
1 148563
1 131963
1 153257
1 147052
1 118557
1 125188
1 122678
1 175298
1 135753
1 172919
1 145682
1 109757
1 113134
1 194753
1 163003
1 188128
1 136721
1 166706
1 186560
1 140813
1 102494
1 136805
1 137771
1 118751
1 108971
1 164499
1 102414
1 163514
1 144789
1 140413
1 177969
1 154429
1 172680
1 138811
1 151681
1 177373
1 149700
1 160837
1 195921
1 101712
1 139303
1 171623
1 120380
1 179047
1 194811
1 131609
1 179906
1 104408
1 197712
1 105512
1 147224
1 123177
1 158375
1 181348
1 143221
1 190986
1 153532
1 126969
1 112720
1 115578
1 193417
1 159555
1 145852
1 157713
1 121070
1 176258
1 162949
1 160276
1 174972
1 162146
1 156231
1 177870
1 101371
1 124664
1 116015
1 123712
1 156973
1 180058
1 142847
1 166258
1 179530
1 170080
1 168633
1 146445
1 134005
1 101370
1 183410
1 169700
1 153585
1 110500
1 190153
1 169408
1 128180
1 199419
1 110017
1 157429
1 158993
1 181319
1 131654
1 111359
1 113726
1 125075
1 103851
1 145374
1 182279
1 103727
1 180009
1 147655
1 192051
1 128079
1 141438
1 157358
1 121303
1 196627
1 144758
1 121446
1 173117
1 107104
1 180188
1 119746
1 145116
1 171277
1 157334
1 109733
1 176026
1 134752
1 175063
1 149302
1 188786
1 149566
1 110626
1 146564
1 187402
1 182631
1 154927
1 163522
1 152433
1 168097
1 109461
1 191033
1 150295
1 184040
1 117840
1 103265
1 145239
1 174811
1 190524
1 192080
1 117554
1 107145
1 164815
1 180571
1 130525
1 112341
1 112383
1 194435
1 160432
1 195075
1 190157
1 143365
1 161322
1 161671
1 143313
1 176594
1 111989
1 179133
1 175926
1 171692
1 100551
1 189988
1 113578
1 127093
1 167124
1 100256
1 122229
1 189132
1 190361
1 159937
1 193900
1 178623
1 199997
1 133013
1 111700
1 116972
1 143731
1 117904
1 104672
1 109120
1 180013
1 183105
1 194327
1 163633
1 123836
1 101871
1 129661
1 129893
1 106935
1 120616
1 155214
1 119820
1 193842
1 107069
1 185487
1 179035
1 189977
1 196692
1 117389
1 190764
1 188760
1 109851
1 130956
1 123524
1 148822
1 176020
1 177872
1 104386
1 135777
1 190560
1 103311
1 154272
1 136259
1 116316
1 158755
1 150273
1 113885
1 188798
1 142344
1 173894
1 100146
1 171250
1 189844
1 137637
1 138803
1 190293
1 158051
1 178492
1 181243
1 167396
1 138750
1 160320
1 199450
1 119577
1 114760
1 166931
1 130893
1 155046
1 101330
1 123387
1 125729
1 137792
1 184653
1 140237
1 130365
1 165020
1 138470
1 189733
1 109213
1 123616
1 128113
1 161908
1 174642
1 130489
1 196286
1 159717
1 108492
1 106805
1 127385
1 186204
1 178338
1 136063
1 140602
1 108600
1 144588
1 147957
1 168680
1 164911
1 141456
1 152075
1 189603
1 176035
1 189144
1 110835
1 180683
1 178822
1 176017
1 146628
1 176684
1 160675
1 131335
1 138039
1 180807
1 198922
1 156880
1 176299
1 107217
1 182495
1 158097
1 118086
1 136980
1 154614
1 103253
1 186223
1 106767
1 113364
1 141069
1 131239
1 157862
1 117602
1 191750
1 163313
1 184518
1 175157
1 150417
1 189670
1 110374
1 181950
1 181439
1 189611
1 112265
1 186905
1 126349
1 117732
1 158340
1 120255
1 186914
1 148350
1 169021
1 146282
1 180223
1 141200
1 150709
1 145970
1 192616
1 132111
1 154581
1 131973
1 159712
1 160110
1 159463
1 149392
1 189378
1 189723
1 100001
1 100181
1 195584
1 159417
1 147477
1 169119
1 111445
1 133371
1 190924
1 122475
1 197297
1 168613
1 146627
1 178881
1 128599
1 100349
1 106613
1 159193
1 138756
1 194221
1 166958
1 133886
1 108875
1 160315
1 162668
1 117067
1 171463
1 171001
1 110318
1 112869
1 117214
1 115708
1 159502
1 144811
1 169873
1 186195
1 147712
1 173716
1 102916
1 199567
1 131322
1 188995
1 150248
1 107815
1 176323
1 125263
1 100663
1 114621
1 181064
1 194338
1 185127
1 116240
1 145659
1 197793
1 133750
1 153371
1 149277
1 128763
1 158307
1 141124
1 168797
1 100824
1 131614
1 168034
1 104850
1 173720
1 118374
1 150532
1 174185
1 144246
1 192291
1 105538
1 179540
1 171288
1 135714
1 131966
1 130746
1 105661
1 171610
1 114277
1 140635
1 172971
1 153907
1 181703
1 128984
1 103412
1 193899
1 165103
1 184068
1 159458
1 149010
1 134482
1 146699
1 147741
1 178815
1 134027
1 118790
1 112017
1 104970
1 147794
1 176876
1 136535
1 139884
1 133073
1 198893
1 104102
1 151404
1 161255
1 194052
1 102182
1 191991
1 187203
1 191840
1 163699
1 139022
1 159465
1 151710
1 100518
1 154076
1 127137
1 146371
1 131815
1 124280
1 137644
1 118639
1 116691
1 153497
1 147975
1 101556
1 104512
1 104242
1 157643
1 102902
1 178928
1 170885
1 178640
1 186608
1 104876
1 181317
1 100950
1 145069
1 100045
1 181301
1 155367
1 161516
1 124060
1 172211
1 136320
1 199022
1 196218
1 164685
1 121486
1 169968
1 129496
1 104251
1 149233
1 169574
1 106334
1 122270
1 181421
1 167164
1 194531
1 117488
1 145783
1 178642
1 134625
1 177067
1 190907
1 125855
1 143026
1 125886
1 109595
1 123256
1 131997
1 172158
1 157241
1 192907
1 153210
1 149140
1 121075
1 130634
1 140018
1 115256
1 141276
1 140933
1 156817
1 188670
1 157179
1 181717
1 138613
1 111044
1 184543
1 131696
1 114252
1 159094
1 110295
1 113001
1 149721
1 175485
1 176074
1 148522
1 168200
1 189059
1 108068
1 113971
1 158830
1 175915
1 192664
1 151933
1 151938
1 135422
1 134782
1 141253
1 133647
1 158824
1 159651
1 180104
1 182667
1 196857
1 116673
1 127508
1 176351
1 168607
1 128704
1 107991
1 188260
1 102495
1 164483
1 165141
1 107043
1 183761
1 171638
1 140825
1 154600
1 113134
1 152116
1 191444
1 114447
1 132113
1 142077
1 184275
1 147266
1 130871
1 142497
1 146312
1 144740
1 106208
1 122702
1 160787
1 155803
1 132190
1 171721
1 112256
1 143167
1 195484
1 100038
1 177636
1 164413
1 102599
1 172115
1 123211
1 138850
1 156139
1 169292
1 174701
1 124226
1 177321
1 124810
1 110628
1 196928
1 177819
1 153610
1 155230
1 104916
1 126449
1 140087
1 121020
1 131638
1 130950
1 131845
1 177709
1 146114
1 132722
1 160206
1 146993
1 191550
1 146932
1 101326
1 188033
1 180358
1 185503
1 163732
1 175261
1 114295
1 104700
1 150479
1 147179
1 171185
1 195417
1 187793
1 180239
1 126410
1 118312
1 183319
1 109031
1 130444
1 131412
1 189199
1 105479
1 134067
1 139483
1 183482
1 105825
1 140295
1 146410
1 178522
1 110978
1 108603
1 179960
1 165388
1 167763
1 158253
1 192387
1 170299
1 159226
1 126692
1 100233
1 127185
1 143584
1 153876
1 144914
1 136182
1 162118
1 114481
1 171066
1 145979
1 103033
1 165398
1 132455
1 177677
1 192445
1 183975
1 151994
1 128614
1 176048
1 104168
1 140419
1 161721
1 139803
1 155307
1 150028
1 121102
1 106244
1 136273
1 106541
1 101413
1 138625
1 108659
1 185792
1 143877
1 136739
1 159408
1 103607
1 190525
1 132936
1 162998
1 102660
1 135627
1 171975
1 164555
1 192110
1 162784
1 108720
1 166247
1 196985
1 183883
1 157996
1 150399
1 111238
1 173996
1 171356
1 109671
1 150827
1 142096
1 195545
1 190120
1 159013
1 130192
1 134121
1 124745
1 131811
1 145152
1 154471
1 155009
1 144248
1 170430
1 170759
1 147498
1 190880
1 140884
1 141135
1 135053
1 152288
1 122701
1 165911
1 141076
1 183113
1 187607
1 130024
1 130946
1 120134
1 153773
1 192357
1 194054
1 152994
1 146576
1 122644
1 111983
1 196956
1 104464
1 131656
1 160807
1 138722
1 126392
1 195193
1 183991
1 152312
1 133982
1 114519
1 139103
1 135641
1 104005
1 172821
1 147886
1 174556
1 139585
1 140325
1 128355
1 191330
1 112018
1 156855
1 122132
1 159457
1 178128
1 189569
1 169324
1 198226
1 136442
1 191981
1 151215
1 113030
1 156372
1 150608
1 121024
1 190741
1 121767
1 117706
1 172327
1 164307
1 144100
1 175999
1 165837
1 167807
1 126030
1 120025
1 166580
1 115485
1 182049
1 190368
1 113073
1 185718
1 125549
1 103855
1 138737
1 146039
1 131680
1 150636
1 188108
1 156413
1 173588
1 134167
1 100844
1 189032
1 132921
1 160490
1 106685
1 198741
1 139153
1 173088
1 171279
1 190747
1 140554
1 162440
1 100625
1 144028
1 116233
1 134287
1 101706
1 152301
1 110966
1 165403
1 152153
1 193413
1 141491
1 135070
1 196704
1 179211
1 120485
1 161375
1 186861
1 126832
1 165991
1 192665
1 145592
1 150930
1 180303
1 192086
1 112311
1 192413
1 113954
1 151684
1 158598
1 136189
1 105828
1 195773
1 134817
1 192320
1 102869
1 171639
1 115297
1 181294
1 110741
1 110092
1 124991
1 198837
1 175758
1 189154
1 197621
1 107686
1 169655
1 123175
1 191401
1 157009
1 199560
1 186075
1 114831
1 192065
1 174155
1 169259
1 198168
1 161260
1 189627
1 188822
1 144623
1 186178
1 145143
1 138798
1 159022
1 120106
1 135527
1 171650
1 191049
1 196284
1 155716
1 187796
1 113490
1 137900
1 111007
1 107805
1 100022
1 109797
1 115752
1 160979
1 156075
1 154640
1 190112
1 173258
1 159842
1 164329
1 157888
1 116976
1 133394
1 111922
1 147930
1 154075
1 179586
1 107654
1 170559
1 101321
1 133878
1 170045
1 125094
1 148381
1 115906
1 136372
1 175147
1 186701
1 162560
1 140060
1 140502
1 174153
1 181998
1 111766
1 163674
1 118420
1 145763
1 189740
1 106450
1 163019
1 124180
1 139542
1 140398
1 121034
1 177553
1 137855
1 134500
1 194350
1 114692
1 179869
1 192614
1 146834
1 155855
1 143771
1 119077
1 183208
1 178151
1 104019
1 195970
1 199812
1 109497
1 155749
1 158780
1 115846
1 129209
1 117804
1 146608
1 111128
1 148881
1 157011
1 144662
1 182532
1 198019
1 152940
1 189960
1 124224
1 133118
1 165766
1 167643
1 162606
1 122467
1 174680
1 188597
1 182032
1 111561
1 163512
1 103313
1 183343
1 103426
1 143100
1 158052
1 112695
1 160023
1 144885
1 171543
1 144665
1 156415
1 184062
1 160048
1 130637
1 152174
1 102124
1 196395
1 175672
1 194173
1 181821
1 133996
1 151801
1 101444
1 195846
1 170847
1 174500
1 111222
1 157364
1 188381
1 165055
1 190002
1 196942
1 171259
1 116083
1 132393
1 157968
1 199500
1 180799
1 193073
1 179865
1 187941
1 111591
1 165879
1 131305
1 196301
1 155165
1 170317
1 116474
1 154952
1 134906
1 132520
1 149454
1 193528
1 189074
1 193647
1 111806
1 189795
1 137125
1 126850
1 101791
1 153483
1 112202
1 119360
1 158715
1 183491
1 157120
1 133651
1 190243
1 175662
1 158361
1 109565
1 100657
1 128452
1 165975
1 178790
1 174167
1 164816
1 154137
1 160445
1 129799
1 127041
1 163947
1 174048
1 136524
1 156304
1 120889
1 119967
1 198770
1 126876
1 151858
1 146966
1 134372
1 144813
1 170993
1 180787
1 130320
1 136499
1 197137
1 116958
1 129454
1 121098
1 193250
1 129382
1 175452
1 191108
1 177596
1 152662
1 107660
1 128175
1 193658
1 106693
1 143504
1 110419
1 157295
1 149341
1 103734
1 168098
1 165310
1 111601
1 134137
1 136830
1 131657
1 166653
1 154625
1 148604
1 120168
1 176930
1 140355
1 150621
1 133496
1 193443
1 180028
1 109831
1 164859
1 115461
1 121899
1 195338
1 102137
1 191488
1 111368
1 170392
1 151349
1 148953
1 135098
1 174656
1 185005
1 142810
1 125323
1 102497
1 107803
1 139433
1 173700
1 165022
1 113681
1 110071
1 188020
1 112782
1 121394
1 161667
1 147769
1 119064
1 151387
1 199022
1 124641
1 183170
1 193578
1 187466
1 148641
1 128501
1 162808
1 127119
1 178420
1 186687
1 162491
1 114984
1 114175
1 188884
1 138831
1 188470
1 166075
1 165582
1 181061
1 190039
1 185368
1 169606
1 111558
1 108808
1 193089
1 185096
1 187131
1 102307
1 141103
1 199573
1 155330
1 178900
1 181036
1 119493
1 120001
1 198397
1 162618
1 191718
1 169740
1 145947
1 198471
1 134438
1 113099
1 110549
1 122738
1 114274
1 149284
1 183509
1 137121
1 140847
1 153134
1 175098
1 199889
1 118646
1 143592
1 118226
1 120927
1 120140
1 101597
1 108192
1 158469
1 105778
1 133060
1 169766
1 183835
1 139378
1 128045
1 184451
1 141344
1 114761
1 167210
1 138971
1 197435
1 125372
1 171352
1 182431
1 100397
1 157383
1 149928
1 165625
1 131653
1 130504
1 186370
1 121552
1 135496
1 191689
1 188015
1 117488
1 177125
1 155046
1 100891
1 159650
1 197690
1 136927
1 112383
1 104262
1 106036
1 179748
1 150979
1 164462
1 197432
1 166979
1 114507
1 183505
1 125238
1 193498
1 180361
1 166935
1 108481
1 186923
1 125350
1 162129
1 105010
1 182019
1 142465
1 123103
1 161824
1 161729
1 131033
1 128941
1 119225
1 185315
1 173475
1 103667
1 192457
1 122611
1 173751
1 184164
1 164323
1 102627
1 131220
1 191699
1 110957
1 107459
1 193714
1 199519
1 162169
1 191268
1 155232
1 194746
1 116234
1 116915
1 154036
1 185379
1 186898
1 178552
1 117986
1 152027
1 145526
1 112728
1 168343
1 174355
1 177144
1 174545
1 172591
1 133549
1 131721
1 167568
1 145381
1 143786
1 190994
1 105552
1 103863
1 108091
1 173541
1 166213
1 119610
1 121423
1 143436
1 139375
1 189224
1 195966
1 165640
1 188126
1 152550
1 140245
1 137977
1 165293
1 169444
1 100881
1 126517
1 112946
1 199081
1 103170
1 192971
1 164039
1 109335
1 155773
1 194162
1 100707
1 134079
1 195064
1 196043
1 117193
1 181124
1 114704
1 147632
1 105442
1 149912
1 167164
1 168032
1 171999
1 137934
1 116669
1 100449
1 193411
1 178375
1 142021
1 165865
1 190824
1 197100
1 124400
1 144165
1 176112
1 166918
1 114747
1 188691
1 187775
1 175269
1 176723
1 115970
1 169843
1 187620
1 174866
1 104533
1 114616
1 135790
1 160835
1 198489
1 159221
1 102171
1 179020
1 128343
1 141037
1 134883
1 148584
1 124095
1 107428
1 182409
1 138562
1 111459
1 165645
1 136282
1 111383
1 105281
1 125653
1 149785
1 145970
1 120544
1 123893
1 180075
1 112523
1 152775
1 102631
1 178519
1 196813
1 178132
1 125419
1 112877
1 135737
1 176300
1 108256
1 170952
1 151912
1 183023
1 191026
1 120614
1 103669
1 189314
1 189400
1 193286
1 143664
1 179327
1 174916
1 198143
1 117334
1 159873
1 109171
1 153718
1 190098
1 102424
1 124886
1 153344
1 199613
1 135732
1 167227
1 179262
1 181181
1 126091
1 186062
1 165073
1 185871
1 102996
1 149328
1 103473
1 125835
1 136464
1 188903
1 187438
1 121688
1 116609
1 102611
1 129317
1 127082
1 103100
1 110825
1 175799
1 193213
1 196552
1 149810
1 104057
1 139405
1 198030
1 173357
1 153200
1 170788
1 168164
1 180570
1 110615
1 175890
1 106112
1 156675
1 183988
1 162184
1 172640
1 185291
1 104897
1 161149
1 145991
1 199104
1 194319
1 176301
1 123666
1 187835
1 135999
1 128025
1 199706
1 115751
1 135656
1 111449
1 119138
1 189779
1 107256
1 199066
1 146940
1 122960
1 169781
1 154287
1 166827
1 173836
1 120107
1 169229
1 172408
1 119191
1 155195
1 177359
1 139260
1 163576
1 150933
1 154215
1 175034
1 132368
1 128126
1 133422
1 197110
1 155777
1 142366
1 121496
1 162861
1 101583
1 198871
1 188853
1 144187
1 155292
1 175807
1 143262
1 141078
1 173816
1 113593
1 156319
1 196619
1 110405
1 137893
1 136905
1 196038
1 156777
1 142583
1 167808
1 177219
1 171911
1 126710
1 122169
1 131693
1 111174
1 164519
1 175770
1 129846
1 183145
1 137726
1 157950
1 158258
1 138588
1 130555
1 127810
1 190959
1 189458
1 125521
1 183512
1 186678
1 191966
1 149042
1 193951
1 124806
1 126361
1 114640
1 199756
1 146202
1 105105
1 176591
1 164571
1 195064
1 165154
1 148128
1 150321
1 142145
1 124185
1 148618
1 185173
1 147335
1 131195
1 178980
1 196900
1 135184
1 174653
1 171132
1 108420
1 180267
1 114380
1 102040
1 121288
1 188457
1 164054
1 113144
1 134182
1 166290
1 157323
1 189653
1 100382
1 182511
1 134030
1 194609
1 146219
1 103264
1 149644
1 168563
1 140381
1 127674
1 166764
1 141946
1 168258
1 197097
1 177898
1 129183
1 149066
1 157060
1 131427
1 141133
1 176991
1 116124
1 167370
1 193985
1 110602
1 107275
1 116859
1 113019
1 136521
1 138117
1 139097
1 147691
1 122244
1 156765
1 138217
1 142556
1 197077
1 197713
1 147009
1 166447
1 138726
1 176749
1 116671
1 110387
1 171844
1 162060
1 154510
1 152764
1 193991
1 170557
1 140281
1 139496
1 133655
1 159244
1 108394
1 170125
1 132807
1 142646
1 180984
1 112640
1 197968
1 101698
1 167740
1 144928
1 175880
1 146785
1 139678
1 146192
1 100848
1 179638
1 152534
1 198067
1 147456
1 123431
1 126067
1 198238
1 133613
1 145596
1 116302
1 166546
1 119023
1 157205
1 138438
1 159297
1 199162
1 167006
1 160909
1 136158
1 165503
1 177477
1 156350
1 155639
1 125532
1 194163
1 195187
1 134242
1 156202
1 158371
1 181622
1 125593
1 146214
1 154958
1 112107
1 139205
1 128823
1 194932
1 133662
1 152938
1 197768
1 106482
1 145857
1 193730
1 141680
1 120285
1 197312
1 130417
1 182603
1 150799
1 159826
1 197035
1 181433
1 117153
1 145866
1 194159
1 163789
1 166271
1 183197
1 134541
1 160367
1 143023
1 140320
1 147919
1 192397
1 114927
1 113612
1 137484
1 144174
1 165705
1 158861
1 140722
1 177810
1 190226
1 136414
1 121239
1 128837
1 157961
1 162364
1 100170
1 171585
1 178078
1 173681
1 103475
1 193011
1 186916
1 151571
1 144771
1 174698
1 157252
1 197484
1 133825
1 146631
1 168629
1 105524
1 174399
1 190940
1 118426
1 174011
1 167328
1 170702
1 193364
1 193873
1 159434
1 119665
1 178194
1 175054
1 148313
1 172921
1 147284
1 176574
1 100540
1 123428
1 186772
1 145577
1 157611
1 139479
1 199017
1 199507
1 185421
1 181408
1 176189
1 188807
1 145032
1 156323
1 177398
1 132438
1 190077
1 191838
1 150745
1 158434
1 110245
1 158985
1 168508
1 169518
1 146176
1 151791
1 198361
1 196365
1 174896
1 125735
1 109982
1 148171
1 125180
1 198470
1 116713
1 193434
1 109422
1 191849
1 109782
1 140126
1 193456
1 196997
1 140113
1 198965
1 178822
1 179627
1 191048
1 155863
1 131439
1 185285
1 151135
1 184921
1 131279
1 148533
1 181274
1 148278
1 110222
1 114666
1 154999
1 183989
1 100487
1 170712
1 199691
1 197663
1 153785
1 119402
1 114616
1 193460
1 119769
1 132566
1 108310
1 132876
1 112871
1 161913
1 107108
1 172218
1 179601
1 157473
1 132002
1 104807
1 110188
1 168227
1 158008
1 169155
1 126138
1 197247
1 159656
1 152427
1 165607
1 157705
1 116688
1 157772
1 169289
1 155882
1 128687
1 193055
1 106674
1 112852
1 116768
1 179699
1 178995
1 157568
1 124453
1 158610
1 197001
1 199519
1 186523
1 139034
1 126921
1 111101
1 155667
1 191275
1 125744
1 187146
1 189293
1 116638
1 164201
1 162592
1 129201
1 196087
1 195343
1 115597
1 198061
1 186988
1 151076
1 177167
1 136744
1 152256
1 156597
1 104691
1 115575
1 143610
1 135474
1 151771
1 148859
1 158987
1 128081
1 177437
1 161550
1 180859
1 185540
1 164187
1 109697
1 124737
1 161245
1 166418
1 199572
1 169131
1 133516
1 177094
1 162794
1 149286
1 188237
1 177341
1 135353
1 140899
1 109740
1 187211
1 137930
1 114278
1 101249
1 167376
1 187589
1 122205
1 149786
1 115400
1 128920
1 171219
1 173378
1 171430
1 110173
1 158987
1 197015
1 170192
1 150487
1 192553
1 137597
1 154975
1 179598
1 116741
1 174096
1 169667
1 176531
1 165389
1 181993
1 175466
1 106903
1 156489
1 117284
1 193300
1 142261
1 112369
1 148520
1 179631
1 121279
1 103785
1 155574
1 119833
1 148003
1 108446
1 191241
1 106080
1 181694
1 111604
1 168434
1 127124
1 132099
1 192126
1 198981
1 109306
1 180183
1 184143
1 117718
1 112051
1 190367
1 174222
1 125240
1 119280
1 145889
1 121649
1 130768
1 103116
1 198942
1 136475
1 135284
1 146313
1 195737
1 198643
1 147966
1 152496
1 171888
1 162655
1 139099
1 104493
1 158819
1 163136
1 126693
1 161844
1 163062
1 119048
1 148190
1 185417
1 119308
1 128259
1 111133
1 182721
1 106476
1 160535
1 146202
1 163807
1 125781
1 132841
1 122496
1 133287
1 190672
1 140457
1 196199
1 108847
1 178591
1 129002
1 153611
1 102403
1 121581
1 174225
1 192976
1 128494
1 103072
1 104983
1 104574
1 187911
1 115755
1 102976
1 125378
1 103439
1 150092
1 174661
1 169038
1 188066
1 139831
1 172344
1 155708
1 138382
1 118734
1 115373
1 164333
1 198315
1 102695
1 163311
1 197169
1 160988
1 126252
1 119151
1 193367
1 118699
1 106641
1 172797
1 119515
1 193080
1 119398
1 165489
1 130091
1 182453
1 139286
1 133519
1 116493
1 176501
1 194342
1 103027
1 105646
1 177372
1 104871
1 161788
1 159874
1 133399
1 105233
1 165376
1 154711
1 166647
1 129030
1 115208
1 145245
1 132619
1 181592
1 147933
1 156290
1 189772
1 111737
1 129097
1 178904
1 109647
1 140608
1 133939
1 146058
1 118188
1 152095
1 114333
1 182335
1 140186
1 198123
1 178276
1 192730
1 148314
1 104418
1 198694
1 127362
1 108522
1 113391
1 189828
1 189666
1 146929
1 119773
1 131351
1 196559
1 102555
1 122415
1 166890
1 135001
1 157730
1 130796
1 167435
1 141329
1 152439
1 117815
1 179613
1 198583
1 104965
1 185109
1 104846
1 116156
1 107730
1 190083
1 193567
1 167821
1 199406
1 108653
1 133416
1 166202
1 171081
1 146318
1 147857
1 133352
1 192372
1 121855
1 113557
1 150420
1 163385
1 162254
1 122999
1 150217
1 178489
1 157209
1 157698
1 126838
1 106313
1 133535
1 192100
1 149486
1 185616
1 188905
1 184199
1 109263
1 116884
1 135359
1 127361
1 113841
1 174922
1 184045
1 105594
1 173261
1 161532
1 175712
1 145888
1 127338
1 130652
1 105196
1 174781
1 199836
1 161013
1 126141
1 158556
1 108297
1 194117
1 131560
1 185417
1 122162
1 107161
1 114761
1 193605
1 144760
1 171586
1 183713
1 180115
1 181558
1 163354
1 154139
1 121499
1 114931
1 129340
1 124875
1 153405
1 127310
1 174194
1 126165
1 114049
1 115139
1 158225
1 107990
1 188676
1 137133
1 142571
1 129812
1 113827
1 175892
1 177628
1 143962
1 194537
1 157199
1 161303
1 185882
1 127134
1 180322
1 196329
1 137481
1 112204
1 118614
1 175061
1 129050
1 180199
1 189033
1 188091
1 128643
1 138283
1 160077
1 131064
1 125885
1 175091
1 130837
1 168948
1 123504
1 147791
1 117998
1 123869
1 123063
1 157341
1 134412
1 150351
1 135544
1 161208
1 172785
1 195413
1 193813
1 171936
1 196259
1 162922
1 166743
1 162377
1 180960
1 172679
1 121998
1 165471
1 115870
1 148748
1 123868
1 175363
1 163393
1 131972
1 107738
1 118828
1 120804
1 112968
1 162806
1 116467
1 191823
1 137270
1 112868
1 151487
1 133472
1 183312
1 198091
1 115366
1 168020
1 117734
1 170782
1 113654
1 169325
1 127233
1 136086
1 175525
1 147399
1 162000
1 194907
1 130698
1 183622
1 196109
1 111100
1 154970
1 197510
1 140613
1 120674
1 148178
1 128978
1 156783
1 103410
1 174268
1 127173
1 167412
1 192791
1 138766
1 170260
1 186668
1 151836
1 131092
1 175026
1 173993
1 185096
1 177705
1 100690
1 109995
1 128217
1 172989
1 141262
1 198692
1 142688
1 155065
1 146304
1 135912
1 169919
1 192812
1 170787
1 197284
1 184219
1 110286
1 154600
1 142924
1 162409
1 129034
1 159366
1 183241
1 102480
1 155635
1 136736
1 117731
1 168972
1 146997
1 100057
1 135155
1 192061
1 147253
1 168021
1 108505
1 123695
1 135756
1 122127
1 199398
1 134514
1 187369
1 184886
1 142240
1 136066
1 182366
1 188310
1 115586
1 150913
1 131175
1 114066
1 171205
1 138622
1 112305
1 126014
1 108841
1 140954
1 168521
1 162060
1 174547
1 131598
1 114716
1 190006
1 178898
1 158855
1 118878
1 123328
1 195784
1 178453
1 134260
1 106206
1 112649
1 151939
1 101176
1 153788
1 193531
1 108413
1 104507
1 130159
1 145542
1 125594
1 151487
1 146896
1 172861
1 156166
1 117285
1 101989
1 165775
1 176836
1 133146
1 158701
1 144636
1 187638
1 183207
1 132486
1 166128
1 151761
1 141404
1 127409
1 192968
1 158393
1 117541
1 184093
1 164065
1 116480
1 156965
1 175343
1 128137
1 162566
1 109464
1 160001
1 141858
1 138415
1 166919
1 122280
1 182327
1 198109
1 197516
1 133727
1 123232
1 141224
1 197235
1 167016
1 191607
1 161491
1 135008
1 162666
1 190844
1 179411
1 137531
1 184491
1 159192
1 168908
1 190423
1 156477
1 100196
1 143805
1 117012
1 187849
1 117386
1 162472
1 104814
1 118132
1 136702
1 159826
1 151477
1 118880
1 138608
1 190091
1 190500
1 162406
1 180140
1 173192
1 154865
1 154961
1 165956
1 184571
1 168722
1 134190
1 195065
1 159993
1 137541
1 135651
1 162443
1 148286
1 164052
1 137346
1 193405
1 180966
1 129591
1 170630
1 198451
1 171963
1 191900
1 181162
1 187158
1 183361
1 114782
1 180059
1 148194
1 139884
1 199580
1 131990
1 161832
1 143207
1 140915
1 166926
1 110144
1 181521
1 189737
1 137471
1 185228
1 123413
1 183060
1 197728
1 127574
1 147951
1 199386
1 187021
1 125170
1 153450
1 191357
1 149148
1 192278
1 184280
1 155665
1 124808
1 176310
1 134129
1 154312
1 160835
1 127865
1 133189
1 110172
1 115186
1 121261
1 187553
1 158645
1 128131
1 190263
1 168630
1 138089
1 166739
1 107262
1 108491
1 120876
1 147680
1 163280
1 148732
1 193654
1 133636
1 160248
1 181926
1 182033
1 185390
1 169714
1 161757
1 145978
1 194831
1 152929
1 188200
1 159271
1 102267
1 181434
1 168266
1 169220
1 163266
1 173695
1 126556
1 181947
1 196463
1 199987
1 104292
1 180223
1 150869
1 131926
1 159326
1 143678
1 169981
1 138321
1 114999
1 186903
1 197186
1 102425
1 118851
1 163350
1 113970
1 127936
1 155749
1 196773
1 116276
1 134471
1 138429
1 115433
1 186068
1 108019
1 183368
1 188127
1 176932
1 168446
1 180201
1 155360
1 191124
1 198103
1 194680
1 175771
1 110265
1 146613
1 168917
1 138254
1 111095
1 133767
1 131471
1 167751
1 104214
1 121409
1 148143
1 158398
1 116500
1 134643
1 187098
1 196399
1 159445
1 155320
1 163394
1 191324
1 143382
1 152662
1 169361
1 116252
1 175045
1 165212
1 114049
1 155771
1 179990
1 192758
1 131900
1 141140
1 168587
1 156585
1 132960
1 169630
1 126522
1 156393
1 139316
1 124129
1 140234
1 172665
1 180185
1 160698
1 110268
1 189561
1 114595
1 162342
1 165843
1 194119
1 172459
1 132410
1 162068
1 192111
1 158759
1 190410
1 168421
1 102612
1 139066
1 110728
1 153546
1 164392
1 188639
1 103901
1 111810
1 187123
1 140447
1 129935
1 167561
1 193974
1 177766
1 169605
1 183729
1 171578
1 154971
1 174973
1 115471
1 119829
1 162682
1 170847
1 153416
1 112535
1 127358
1 128399
1 115738
1 155340
1 161079
1 179229
1 128698
1 198776
1 135494
1 140161
1 170627
1 180334
1 174645
1 177000
1 179270
1 178218
1 122505
1 188214
1 194635
1 178114
1 155498
1 134211
1 185035
1 138995
1 133938
1 139599
1 145642
1 184187
1 126166
1 189719
1 133020
1 115502
1 117235
1 186982
1 147745
1 152397
1 177550
1 164934
1 170041
1 148613
1 171021
1 127703
1 179842
1 177176
1 184496
1 157077
1 157775
1 194789
1 141230
1 196459
1 133297
1 197159
1 136504
1 194455
1 161548
1 104680
1 119991
1 179565
1 110073
1 118813
1 100050
1 196087
1 179270
1 153970
1 120950
1 148617
1 150490
1 103817
1 119202
1 116137
1 188552
1 160929
1 129316
1 163884
1 160090
1 145340
1 140300
1 102048
1 172674
1 176199
1 152356
1 108912
1 175938
1 171826
1 172557
1 123892
1 183040
1 149563
1 185776
1 123877
1 138149
1 188091
1 125010
1 146621
1 105987
1 111684
1 187878
1 104986
1 103826
1 161473
1 133989
1 196871
1 156102
1 134941
1 170933
1 138906
1 193931
1 174391
1 170400
1 139679
1 109976
1 157191
1 121208
1 165409
1 117313
1 175887
1 129459
1 188879
1 153768
1 162215
1 144676
1 122353
1 141727
1 118005
1 193977
1 167013
1 128111
1 119916
1 157272
1 174947
1 132545
1 199305
1 130280
1 170636
1 108517
1 157456
1 144570
1 130730
1 137587
1 197496
1 193271
1 158472
1 112269
1 185540
1 117264
1 162004
1 157892
1 143901
1 103635
1 176130
1 119502
1 137068
1 141254
1 117989
1 192908
1 195212
1 114649
1 182932
1 106307
1 114196
1 133246
1 121247
1 151235
1 123810
1 144261
1 129566
1 163068
1 111073
1 147428
1 178844
1 139560
1 148006
1 164588
1 111935
1 120388
1 144934
1 137207
1 182064
1 119036
1 123319
1 137182
1 180838
1 168388
1 149905
1 182501
1 126759
1 110224
1 152158
1 112179
1 123855
1 192545
1 144043
1 150822
1 181817
1 136272
1 197020
1 156688
1 196451
1 166224
1 195011
1 140517
1 190332
1 136956
1 185674
1 149436
1 109831
1 113573
1 149748
1 111904
1 130914
1 100511
1 101810
1 183598
1 131409
1 166396
1 123142
1 174615
1 154241
1 186075
1 105363
1 145030
1 190696
1 161423
1 115079
1 124035
1 181142
1 184066
1 162020
1 186368
1 149567
1 149264
1 194931
1 180805
1 154722
1 127616
1 111765
1 113538
1 113606
1 124880
1 184685
1 122799
1 151220
1 187561
1 196123
1 137918
1 146403
1 147047
1 100524
1 180575
1 114384
1 170841
1 169986
1 136792
1 151878
1 156074
1 136130
1 182465
1 123210
1 188184
1 136094
1 191828
1 169841
1 144862
1 191732
1 136615
1 126802
1 177932
1 118895
1 143564
1 111087
1 107766
1 183555
1 169625
1 153785
1 156104
1 139172
1 116478
1 172462
1 114080
1 147412
1 104174
1 179737
1 139162
1 150225
1 115416
1 154760
1 192620
1 116125
1 155612
1 121783
1 123777
1 139135
1 189449
1 123098
1 102329
1 135330
1 102117
1 108482
1 115504
1 122629
1 150947
1 192177
1 116219
1 101441
1 139250
1 195050
1 125423
1 112996
1 148771
1 199500
1 137033
1 124974
1 178286
1 180848
1 162674
1 193784
1 170082
1 109044
1 139974
1 170349
1 187946
1 154781
1 125723
1 119391
1 129429
1 116549
1 160025
1 145849
1 156791
1 147405
1 174414
1 102795
1 166327
1 124971
1 140667
1 188354
1 138549
1 165147
1 146100
1 100085
1 108636
1 194920
1 106404
1 169298
1 167975
1 169661
1 184293
1 111028
1 177061
1 192179
1 163942
1 186038
1 101578
1 175172
1 180121
1 164676
1 174259
1 144026
1 135487
1 184579
1 167746
1 120659
1 178829
1 177717
1 169861
1 131965
1 158557
1 196616
1 135463
1 189546
1 169895
1 179689
1 198362
1 184481
1 101203
1 139493
1 116166
1 197317
1 158406
1 103338
1 172709
1 141932
1 174798
1 168461
1 108583
1 178602
1 145019
1 160009
1 136567
1 140419
1 134952
1 168964
1 161339
1 104708
1 137688
1 108483
1 184551
1 105305
1 170935
1 112403
1 125744
1 135126
1 116882
1 154193
1 131805
1 181294
1 161165
1 185060
1 183084
1 157411
1 194993
1 101002
1 100114
1 165965
1 180964
1 180978
1 176542
1 179886
1 108737
1 179025
1 174506
1 182340
1 129484
1 161401
1 148949
1 198212
1 115759
1 169858
1 159581
1 166983
1 181749
1 186279
1 170652
1 113764
1 156719
1 100708
1 151682
1 138934
1 129534
1 112929
1 154420
1 138728
1 175902
1 111069
1 100747
1 159924
1 171931
1 164107
1 178155
1 175030
1 103676
1 157271
1 193154
1 144896
1 109745
1 114675
1 160216
1 119383
1 113213
1 181954
1 189025
1 179968
1 134841
1 184691
1 101479
1 110499
1 180522
1 172080
1 137545
1 170093
1 125132
1 197727
1 106189
1 118072
1 123543
1 100957
1 185839
1 113445
1 148235
1 125774
1 133248
1 151728
1 188253
1 143685
1 130176
1 181104
1 190004
1 179721
1 169813
1 188745
1 179211
1 169545
1 150100
1 166219
1 187335
1 141991
1 155050
1 117303
1 122610
1 117062
1 143269
1 111369
1 152953
1 116413
1 117886
1 118358
1 104275
1 178537
1 137806
1 165166
1 183823
1 181287
1 191451
1 152923
1 146576
1 187276
1 192821
1 156921
1 174219
1 150280
1 129558
1 198510
1 123050
1 165487
1 155803
1 169334
1 179757
1 136656
1 127273
1 118560
1 120534
1 163618
1 133245
1 171390
1 122434
1 151668
1 119175
1 134692
1 187177
1 148411
1 149017
1 177886
1 115328
1 168345
1 163720
1 182861
1 154404
1 144669
1 111120
1 198128
1 189629
1 133285
1 151317
1 177790
1 103810
1 143071
1 181696
1 119365
1 154478
1 181324
1 136470
1 101080
1 154047
1 115209
1 199157
1 176552
1 155127
1 143678
1 153301
1 114242
1 158451
1 103034
1 126606
1 195505
1 121683
1 159052
1 149802
1 105554
1 163951
1 180055
1 173055
1 192787
1 111500
1 155336
1 184681
1 110389
1 177941
1 189881
1 147648
1 185226
1 170659
1 132635
1 178052
1 103998
1 188091
1 199856
1 197549
1 173639
1 130345
1 138939
1 105448
1 144783
1 128662
1 117743
1 130449
1 192470
1 161188
1 171714
1 192876
1 174981
1 159938
1 176292
1 162501
1 142464
1 122312
1 143002
1 131104
1 166794
1 141129
1 192752
1 150574
1 198296
1 168883
1 126547
1 164770
1 161315
1 110609
1 198190
1 145862
1 150771
1 186810
1 183916
1 106161
1 190968
1 141264
1 164490
1 171330
1 115471
1 176378
1 188222
1 161040
1 102954
1 103211
1 118004
1 195531
1 110297
1 185457
1 168179
1 187476
1 147167
1 130568
1 123345
1 137891
1 118781
1 180371
1 123246
1 102863
1 178286
1 177724
1 173981
1 125282
1 161751
1 163299
1 194719
1 150766
1 186489
1 125945
1 111365
1 125130
1 105709
1 182418
1 123607
1 137805
1 171872
1 143921
1 158508
1 158191
1 130449
1 186900
1 118550
1 183604
1 168975
1 127171
1 133648
1 140700
1 188796
1 110307
1 173347
1 140531
1 174018
1 162765
1 133779
1 116128
1 156092
1 150172
1 121029
1 181516
1 197727
1 176695
1 138383
1 122871
1 152439
1 114812
1 176662
1 114518
1 167380
1 144558
1 111632
1 191336
1 166995
1 102410
1 178760
1 183410
1 143350
1 105029
1 167619
1 179487
1 168802
1 161565
1 135175
1 148764
1 106279
1 169158
1 114948
1 138941
1 135293
1 176784
1 130354
1 149370
1 186031
1 146878
1 106019
1 194751
1 121832
1 146648
1 119501
1 113961
1 110347
1 122843
1 147726
1 127927
1 120360
1 152266
1 101875
1 127956
1 116287
1 135729
1 122270
1 140262
1 183941
1 111163
1 151173
1 150825
1 114714
1 170061
1 178422
1 176873
1 126186
1 103684
1 181891
1 194941
1 182774
1 159997
1 123993
1 145728
1 135431
1 111850
1 123558
1 187517
1 185379
1 162011
1 117413
1 186873
1 125958
1 155061
1 156611
1 111716
1 194830
1 138870
1 158009
1 138322
1 118013
1 175570
1 133528
1 137098
1 140833
1 113847
1 110520
1 189859
1 107040
1 178170
1 152475
1 187818
1 195365
1 147832
1 198849
1 133173
1 138195
1 114747
1 118382
1 187669
1 131295
1 123313
1 113130
1 157213
1 158906
1 139353
1 134169
1 165723
1 185344
1 153221
1 153318
1 117885
1 179107
1 160047
1 132424
1 127829
1 110088
1 140371
1 144884
1 137613
1 172638
1 123373
1 177412
1 127363
1 187743
1 128333
1 107548
1 137772
1 111958
1 115237
1 109613
1 192852
1 108838
1 117340
1 162702
1 108993
1 196454
1 132850
1 177523
1 120932
1 198211
1 120141
1 120105
1 146745
1 181574
1 180321
1 181174
1 183640
1 135633
1 183570
1 158264
1 171199
1 149789
1 166234
1 117563
1 116633
1 117607
1 179537
1 187435
1 127350
1 109222
1 118413
1 135925
1 181121
1 176826
1 127010
1 125280
1 197131
1 196382
1 181163
1 125127
1 159225
1 130597
1 162371
1 125723
1 189622
1 108642
1 168971
1 107681
1 167274
1 113939
1 152169
1 169640
1 151815
1 162478
1 114387
1 119685
1 190656
1 192201
1 135234
1 159989
1 183388
1 145408
1 117205
1 184721
1 126278
1 139284
1 196078
1 186835
1 178717
1 153401
1 188754
1 172132
1 171894
1 126752
1 165085
1 134121
1 154052
1 131469
1 199435
1 187659
1 157980
1 131029
1 185046
1 103591
1 186694
1 179790
1 162818
1 110738
1 172655
1 122245
1 115554
1 113788
1 114858
1 138273
1 133161
1 124199
1 166436
1 165209
1 191694
1 153999
1 112688
1 174749
1 194143
1 199327
1 153740
1 192373
1 122894
1 109074
1 128079
1 139907
1 102383
1 155502
1 100252
1 136584
1 164622
1 192309
1 158710
1 112004
1 122287
1 105698
1 158542
1 178403
1 195215
1 180885
1 174046
1 127915
1 174304
1 181867
1 123560
1 180026
1 151936
1 199360
1 197816
1 134681
1 148326
1 195646
1 102713
1 158389
1 151459
1 138314
1 176606
1 101581
1 170558
1 180494
1 141991
1 110814
1 175531
1 142676
1 159859
1 132005
1 187155
1 196181
1 143485
1 109096
1 197519
1 125174
1 108005
1 180752
1 151806
1 148547
1 148072
1 143278
1 190934
1 116153
1 151717
1 159311
1 156732
1 173725
1 165175
1 103197
1 143931
1 172365
1 113867
1 189751
1 133253
1 168578
1 134439
1 177595
1 156902
1 141889
1 161361
1 167224
1 109106
1 197903
1 173749
1 160288
1 113299
1 184264
1 136533
1 111879
1 175157
1 166998
1 133029
1 164476
1 141718
1 190107
1 168978
1 189276
1 120189
1 131011
1 115438
1 146193
1 156139
1 132594
1 179956
1 149113
1 105675
1 164281
1 192911
1 133394
1 135023
1 110166
1 133773
1 173884
1 102471
1 130304
1 166162
1 139824
1 142914
1 188910
1 153517
1 107562
1 113723
1 138120
1 101302
1 142887
1 113255
1 194027
1 142065
1 170111
1 156182
1 147534
1 175495
1 143973
1 100062
1 141834
1 158322
1 104768
1 189037
1 165486
1 198823
1 163353
1 161560
1 199214
1 100501
1 109060
1 123474
1 122125
1 195334
1 182218
1 133367
1 104997
1 185413
1 137757
1 137289
1 158311
1 157652
1 139672
1 159677
1 135265
1 172217
1 110925
1 125144
1 181586
1 114928
1 100669
1 149126
1 192669
1 194649
1 101048
1 150264
1 133854
1 113394
1 113825
1 103511
1 148865
1 117323
1 142226
1 166609
1 137979
1 158345
1 191997
1 182110
1 156746
1 103915
1 192926
1 165521
1 194690
1 132602
1 132899
1 115108
1 185026
1 172496
1 198907
1 181277
1 103385
1 110128
1 160219
1 157320
1 184779
1 126278
1 182061
1 142573
1 148712
1 140050
1 115845
1 187340
1 128380
1 128027
1 139748
1 113697
1 159695
1 133399
1 141962
1 179210
1 134038
1 192778
1 180628
1 102683
1 139068
1 162287
1 187209
1 183515
1 150472
1 121418
1 197541
1 133061
1 187876
1 172876
1 150255
1 191259
1 104523
1 148220
1 124436
1 155284
1 181513
1 113746
1 192903
1 148746
1 117029
1 171897
1 136384
1 171630
1 147312
1 152909
1 171899
1 137858
1 171761
1 107047
1 128941
1 120831
1 111776
1 179085
1 174644
1 188776
1 194274
1 180525
1 181173
1 108304
1 179183
1 195033
1 199490
1 108617
1 183832
1 195487
1 167549
1 106447
1 177634
1 123476
1 101818
1 112100
1 145365
1 195809
1 116157
1 104471
1 186214
1 106912
1 198569
1 187916
1 172790
1 190772
1 145372
1 144463
1 199520
1 171599
1 138875
1 150946
1 136574
1 103336
1 108233
1 131336
1 193957
1 110971
1 176471
1 104818
1 191485
1 199221
1 190214
1 160697
1 147287
1 104706
1 169124
1 135782
1 159661
1 120189
1 166147
1 189824
1 105049
1 158645
1 130978
1 104332
1 102221
1 115880
1 150878
1 132736
1 116759
1 118541
1 195203
1 160695
1 108220
1 192497
1 186137
1 166798
1 192705
1 102389
1 192613
1 164509
1 137271
1 129453
1 157413
1 120103
1 161832
1 118794
1 192061
1 147627
1 104611
1 112204
1 176523
1 168283
1 137226
1 168788
1 171203
1 105791
1 115530
1 113809
1 186411
1 186210
1 167957
1 136035
1 186314
1 161783
1 152117
1 160024
1 126856
1 177929
1 143359
1 116386
1 169007
1 195763
1 171966
1 130715
1 129704
1 134136
1 153765
1 197261
1 124152
1 183773
1 131450
1 163566
1 103185
1 189990
1 148818
1 193146
1 107487
1 116921
1 173351
1 173378
1 165020
1 101923
1 142729
1 112035
1 112106
1 128966
1 122029
1 186801
1 195616
1 147353
1 176383
1 173341
1 117339
1 181996
1 165019
1 122365
1 131374
1 166569
1 105509
1 127494
1 174244
1 133046
1 173884
1 174867
1 174304
1 100103
1 147654
1 155024
1 114745
1 193605
1 197079
1 169742
1 135781
1 101908
1 183475
1 161631
1 136406
1 191271
1 131089
1 153775
1 106221
1 150208
1 135766
1 182827
1 175248
1 132543
1 145075
1 106947
1 132899
1 111924
1 120154
1 190510
1 153479
1 138844
1 123277
1 199761
1 198865
1 195255
1 134827
1 112682
1 164834
1 198240
1 102330
1 144131
1 100725
1 110404
1 104054
1 152624
1 167450
1 183393
1 150565
1 120432
1 116994
1 138750
1 180619
1 193029
1 116724
1 188456
1 131400
1 131903
1 108469
1 164580
1 179860
1 175546
1 146950
1 168590
1 122625
1 113909
1 132761
1 137267
1 145572
1 169927
1 132914
1 181301
1 176690
1 142453
1 136051
1 158566
1 179085
1 143405
1 109122
1 177555
1 101758
1 135033
1 150274
1 198389
1 191422
1 172714
1 103107
1 118120
1 119511
1 187279
1 111808
1 181009
1 139838
1 144974
1 144079
1 142901
1 158328
1 187299
1 164062
1 141366
1 184837
1 149740
1 100189
1 159909
1 103393
1 100993
1 141331
1 117957
1 197892
1 114209
1 102480
1 185722
1 153410
1 145864
1 153624
1 107887
1 137901
1 125824
1 166347
1 189264
1 137598
1 189782
1 157557
1 175417
1 148957
1 178310
1 198671
1 106999
1 128508
1 189825
1 107342
1 145097
1 156775
1 144562
1 163824
1 103759
1 100103
1 190299
1 102075
1 172596
1 168487
1 194378
1 170628
1 171002
1 189786
1 111742
1 121705
1 143744
1 181212
1 199789
1 111442
1 153545
1 124975
1 104934
1 161764
1 163054
1 178145
1 118935
1 189898
1 186106
1 193674
1 135017
1 180598
1 113297
1 183895
1 169772
1 129425
1 139634
1 116439
1 104145
1 180238
1 175964
1 132152
1 182306
1 168895
1 164972
1 189846
1 168349
1 194852
1 185110
1 170357
1 138421
1 165016
1 126360
1 193756
1 144314
1 170666
1 159446
1 124815
1 123017
1 180148
1 172817
1 141151
1 124214
1 189256
1 145924
1 149519
1 187972
1 127508
1 105228
1 107817
1 127751
1 152326
1 119245
1 102863
1 154682
1 109356
1 175436
1 181287
1 195186
1 131690
1 107405
1 119952
1 175216
1 161767
1 163137
1 162764
1 189703
1 188143
1 135440
1 105095
1 190035
1 112492
1 112166
1 138828
1 190636
1 165716
1 145566
1 105660
1 160638
1 191685
1 143780
1 148555
1 134652
1 155963
1 144070
1 119487
1 171015
1 152604
1 164239
1 142967
1 114889
1 140158
1 191538
1 111804
1 112620
1 124453
1 158636
1 150692
1 192185
1 182364
1 128175
1 185726
1 162554
1 169525
1 116130
1 136733
1 113209
1 118489
1 176192
1 101487
1 149228
1 178092
1 191407
1 185561
1 135851
1 126511
1 101075
1 199511
1 108268
1 197162
1 165022
1 187593
1 145274
1 142701
1 156980
1 146161
1 130590
1 151837
1 150306
1 172671
1 100479
1 132795
1 139663
1 198069
1 100635
1 197521
1 163843
1 182703
1 143390
1 161593
1 123025
1 104789
1 164504
1 122127
1 125228
1 140840
1 185701
1 139737
1 128111
1 120585
1 110947
1 152723
1 165937
1 103029
1 182918
1 142943
1 157948
1 167846
1 164882
1 169705
1 156785
1 145311
1 162340
1 151691
1 128830
1 147497
1 126376
1 161760
1 151027
1 134520
1 156818
1 121581
1 111860
1 122244
1 173463
1 168672
1 156742
1 146114
1 114001
1 104219
1 107790
1 187477
1 106488
1 157595
1 154841
1 133617
1 127140
1 160522
1 185496
1 175761
1 147016
1 138913
1 146906
1 106370
1 196050
1 100931
1 138638
1 194067
1 168036
1 157660
1 102719
1 181694
1 158425
1 127633
1 121978
1 138905
1 127428
1 165575
1 193220
1 122942
1 136972
1 178268
1 116239
1 199075
1 154877
1 106423
1 124842
1 127516
1 104031
1 122127
1 130150
1 154194
1 174988
1 153242
1 161804
1 178399
1 165798
1 100730
1 127521
1 118681
1 149403
1 128317
1 154304
1 172687
1 116864
1 169129
1 161006
1 115200
1 142457
1 128258
1 126205
1 170154
1 194282
1 162379
1 184985
1 159465
1 159234
1 173521
1 172895
1 139433
1 137266
1 178512
1 152934
1 110356
1 121988
1 141929
1 159878
1 150555
1 108294
1 196294
1 120465
1 109528
1 164517
1 116523
1 146969
1 142761
1 170128
1 107622
1 161322
1 151039
1 124549
1 159161
1 166110
1 142825
1 146398
1 163570
1 133226
1 102563
1 102633
1 169763
1 114529
1 166550
1 131989
1 163770
1 137306
1 115297
1 150869
1 117632
1 182723
1 138796
1 192218
1 156530
1 149421
1 197869
1 103805
1 146134
1 183116
1 183632
1 135308
1 144336
1 179048
1 140069
1 178893
1 177306
1 174807
1 169223
1 146424
1 182994
1 148539
1 113820
1 199284
1 155876
1 151916
1 126015
1 176772
1 107794
1 184801
1 155260
1 195108
1 166817
1 151066
1 195923
1 146061
1 158854
1 104475
1 104287
1 107720
1 173508
1 104413
1 173254
1 176693
1 186931
1 183216
1 159300
1 138272
1 150873
1 112133
1 160058
1 111813
1 166453
1 134809
1 144183
1 169539
1 115026
1 169807
1 152570
1 168348
1 176467
1 131299
1 106131
1 124201
1 193308
1 178804
1 118668
1 122806
1 186941
1 127202
1 134073
1 124131
1 196372
1 131229
1 175915
1 135042
1 148450
1 175618
1 129394
1 165002
1 119531
1 148795
1 132909
1 101747
1 148267
1 136364
1 174256
1 116244
1 159844
1 194656
1 113482
1 116976
1 126297
1 167733
1 197447
1 160467
1 166995
1 190095
1 190961
1 125005
1 186946
1 170824
1 115612
1 192748
1 164791
1 161742
1 141222
1 167493
1 108318
1 190063
1 175754
1 175194
1 192733
1 179777
1 115274
1 173600
1 148018
1 135505
1 120555
1 183317
1 108527
1 195205
1 172272
1 189352
1 107528
1 175436
1 197686
1 180793
1 188459
1 151755
1 158748
1 192641
1 148274
1 191474
1 128417
1 193041
1 124105
1 100461
1 173365
1 147791
1 108612
1 102975
1 187399
1 152831
1 120990
1 199085
1 189613
1 131916
1 169262
1 179013
1 104824
1 182142
1 145412
1 163448
1 103806
1 100306
1 186328
1 155904
1 156826
1 178990
1 182801
1 127091
1 106704
1 155790
1 197652
1 142197
1 114167
1 119569
1 191212
1 144050
1 112198
1 186934
1 108487
1 178369
1 152728
1 128450
1 150903
1 181343
1 157409
1 150595
1 125004
1 127952
1 121103
1 125268
1 158814
1 167410
1 175144
1 104343
1 162650
1 111260
1 159111
1 183432
1 148411
1 184673
1 162009
1 134968
1 162437
1 117786
1 145070
1 164813
1 177306
1 140199
1 111678
1 155095
1 148128
1 132773
1 104146
1 172705
1 173421
1 167307
1 124825
1 181019
1 182202
1 184062
1 134823
1 143785
1 163110
1 122384
1 137614
1 160649
1 118804
1 178207
1 131092
1 112219
1 198533
1 172028
1 110678
1 176192
1 120764
1 198603
1 181051
1 180558
1 190197
1 152630
1 141908
1 130915
1 122262
1 193783
1 154482
1 184759
1 139924
1 168705
1 113457
1 112264
1 158717
1 199264
1 139410
1 171294
1 103505
1 158246
1 184527
1 143475
1 144849
1 182494
1 141108
1 131645
1 149177
1 160638
1 112265
1 155340
1 183447
1 147409
1 116428
1 183110
1 109837
1 147785
1 130434
1 150746
1 164170
1 176033
1 197041
1 100911
1 168513
1 122098
1 176270
1 116250
1 143239
1 127653
1 156833
1 164481
1 114241
1 184760
1 184547
1 199894
1 150585
1 155239
1 164383
1 104471
1 198938
1 165722
1 118406
1 127229
1 183135
1 183726
1 151318
1 109142
1 118969
1 186476
1 160129
1 177641
1 178361
1 171085
1 165496
1 118841
1 123221
1 139313
1 189242
1 172195
1 104904
1 169105
1 185307
1 124316
1 172722
1 139333
1 177827
1 112299
1 173818
1 156223
1 141000
1 137647
1 186854
1 168344
1 199693
1 106517
1 109219
1 129116
1 189185
1 178726
1 185984
1 174792
1 151205
1 148333
1 134615
1 112356
1 132177
1 195478
1 127180
1 195977
1 184195
1 143885
1 187851
1 123740
1 166478
1 128145
1 139996
1 108501
1 125338
1 193257
1 188665
1 110195
1 154833
1 135641
1 165305
1 107438
1 105560
1 130420
1 135473
1 146674
1 108562
1 128639
1 126434
1 171710
1 117797
1 194614
1 113169
1 131033
1 162451
1 165925
1 170221
1 149613
1 104906
1 137906
1 185111
1 114592
1 105424
1 160732
1 139156
1 155189
1 100001
1 182256
1 127037
1 155744
1 173002
1 153705
1 155753
1 105267
1 139628
1 162073
1 193558
1 137843
1 132181
1 167232
1 187844
1 140810
1 158724
1 108582
1 192396
1 126039
1 120389
1 127013
1 183593
1 194667
1 193571
1 131646
1 137763
1 153269
1 112050
1 166024
1 104864
1 174217
1 196508
1 141451
1 104952
1 177273
1 109715
1 120771
1 198977
1 121346
1 142769
1 123274
1 139942
1 195532
1 136553
1 104608
1 144926
1 198263
1 177468
1 146041
1 155508
1 128002
1 127224
1 109820
1 154205
1 199695
1 164511
1 117227
1 161078
1 166108
1 101329
1 136453
1 184517
1 192843
1 124638
1 116292
1 187717
1 154689
1 116239
1 195197
1 161159
1 110286
1 103925
1 153944
1 165368
1 154147
1 149686
1 180521
1 130841
1 160586
1 176342
1 189348
1 185171
1 121324
1 171982
1 134984
1 102678
1 164008
1 194295
1 129061
1 108145
1 154690
1 150335
1 188532
1 151263
1 131298
1 147416
1 116340
1 168305
1 172626
1 113081
1 161994
1 147453
1 193033
1 127634
1 114098
1 121979
1 100257
1 163429
1 123602
1 165511
1 164416
1 169670
1 144709
1 162758
1 117687
1 145158
1 127656
1 160340
1 161782
1 191562
1 180510
1 111944
1 133018
1 161317
1 188521
1 111532
